****
At     0
S   9   1.00
        0.1001430000     0.22529000
        0.1993610000     0.60154100
        0.3968810000     0.51560900
        0.7900950000    -0.01016700
        1.5728910000    -0.99610200
        3.1312500000     0.58871700
        6.2335730000    -0.15241500
       12.4095580000     0.02800000
       24.7044720000    -0.00375900
S   1   1.00
        0.1263170000     1.00000000
S   1   1.00
        0.3486250000     1.00000000
P   9   1.00
        0.0536780000     0.12622400
        0.1042540000     0.30830000
        0.2024850000     0.45845500
        0.3932700000     0.28399800
        0.7638180000     0.00724100
        1.4835030000    -0.31923700
        2.8812920000     0.13619300
        5.5961070000    -0.02484900
       10.8688790000     0.00268000
P   1   1.00
        0.5057720000     1.00000000
P   1   1.00
        0.0984940000     1.00000000
D   1   1.00
        0.2510720000     1.00000000
D   1   1.00
        0.8123900000     1.00000000
F   1   1.00
        0.3034690000     1.00000000
****
