****
B      0
S   9   1.00
       10.2889900000     0.03203100
        5.1505200000     0.24331700
        2.5782760000     0.43463600
        1.2906480000     0.32958100
        0.6460800000     0.11187500
        0.3234180000    -0.07869900
        0.1618980000    -0.09878100
        0.0810440000     0.01616400
        0.0405690000    -0.00001600
S   1   1.00
        0.6260260000     1.00000000
S   1   1.00
        0.0920940000     1.00000000
P   9   1.00
        7.4707010000     0.01990900
        3.7357430000     0.14177500
        1.8680680000     0.29446300
        0.9341320000     0.30902800
        0.4671150000     0.23637800
        0.2335820000     0.13131700
        0.1168030000     0.06645400
        0.0584080000     0.02124800
        0.0292070000     0.00283700
P   1   1.00
        0.0820560000     1.00000000
P   1   1.00
        0.2350160000     1.00000000
D   1   1.00
        0.2073160000     1.00000000
D   1   1.00
        0.6991530000     1.00000000
F   1   1.00
        0.4788720000     1.00000000
****
