****
C      0
S   9   1.00
       13.0735940000     0.01399100
        6.5411870000     0.16985200
        3.2727910000     0.39752900
        1.6374940000     0.38036900
        0.8192970000     0.18011300
        0.4099240000    -0.03351200
        0.2051000000    -0.12149900
        0.1026190000     0.01517600
        0.0513440000    -0.00070500
S   1   1.00
        0.9215520000     1.00000000
S   1   1.00
        0.1328000000     1.00000000
P   9   1.00
        7.4800760000     0.00178700
        3.7410350000     0.05042600
        1.8710160000     0.19163400
        0.9357570000     0.30266700
        0.4680030000     0.28986800
        0.2340640000     0.21097900
        0.1170630000     0.11202400
        0.0585470000     0.05442500
        0.0292810000     0.02193100
P   1   1.00
        0.1267720000     1.00000000
P   1   1.00
        0.3767420000     1.00000000
D   1   1.00
        0.3294860000     1.00000000
D   1   1.00
        1.1416110000     1.00000000
F   1   1.00
        0.7734850000     1.00000000
****
