****
Ge     0
S   9   1.00
       45.8866140000     0.21323000
       20.2606870000     0.60557000
        8.9458640000     0.41344200
        3.9499400000    -0.10635600
        1.7440490000    -0.36457900
        0.7700640000     0.12744800
        0.3400130000    -0.01716600
        0.1501280000     0.00245400
        0.0662870000    -0.00035500
S   1   1.00
        0.0910490000     1.00000000
S   1   1.00
        0.4456760000     1.00000000
P   9   1.00
       20.4378730000     0.09868000
        9.2668920000     0.37229000
        4.2017720000     0.44383600
        1.9051570000     0.23258500
        0.8638320000     0.00005800
        0.3916770000    -0.10828200
        0.1775930000     0.02189400
        0.0805240000    -0.00191100
        0.0365110000     0.00018100
P   1   1.00
        0.0404120000     1.00000000
P   1   1.00
        0.0924500000     1.00000000
D   1   1.00
        0.1301470000     1.00000000
D   1   1.00
        0.3238260000     1.00000000
F   1   1.00
        0.3528140000     1.00000000
****
