****
Pb     0
S   9   1.00
       18.0604460000     0.32426400
        9.0840130000     0.57115500
        4.5690610000     0.37405100
        2.2981390000     0.12474900
        1.1559140000    -1.11272100
        0.5814000000     0.68123100
        0.2924310000    -0.19171600
        0.1470870000     0.03780600
        0.0739810000    -0.00522500
S   1   1.00
        0.0937380000     1.00000000
S   1   1.00
        0.2162940000     1.00000000
P   9   1.00
        8.5757480000     0.17140200
        4.3343330000     0.35547300
        2.1906470000     0.43826500
        1.1071910000     0.18231500
        0.5595940000     0.03852600
        0.2828280000    -0.29522700
        0.1429460000     0.12970800
        0.0722480000    -0.02587700
        0.0365150000     0.00310600
P   1   1.00
        0.3640490000     1.00000000
P   1   1.00
        0.0643860000     1.00000000
D   1   1.00
        0.1723230000     1.00000000
D   1   1.00
        0.6072930000     1.00000000
F   1   1.00
        0.2384040000     1.00000000
****
