****
S      0
S   9   1.00
       39.9506560000     0.14007400
       18.7766230000     0.49094200
        8.8249260000     0.51529700
        4.1476740000     0.05032000
        1.9493880000    -0.29890800
        0.9162030000     0.01982700
        0.4306110000     0.00726600
        0.2023850000    -0.00160200
        0.0951200000     0.00027100
S   1   1.00
        0.1466420000     1.00000000
S   1   1.00
        0.7920250000     1.00000000
P   9   1.00
       16.4779790000     0.08193800
        8.1163070000     0.25182600
        3.9977260000     0.37634400
        1.9690990000     0.32090200
        0.9698890000     0.14377900
        0.4777230000    -0.04554300
        0.2353050000    -0.01719100
        0.1159010000     0.00258000
        0.0570870000    -0.00022200
P   1   1.00
        0.0886940000     1.00000000
P   1   1.00
        0.2479670000     1.00000000
D   1   1.00
        0.2928890000     1.00000000
D   1   1.00
        0.9506590000     1.00000000
F   1   1.00
        0.5732180000     1.00000000
****
