****
Se     0
S   9   1.00
        0.0968830000     0.20096500
        0.2176740000     0.61509300
        0.4890670000     0.46263600
        1.0988280000    -0.20417900
        2.4688280000    -0.30758400
        5.5469200000     0.10989500
       12.4627260000    -0.01228800
       28.0010400000     0.00120500
       62.9122580000    -0.00013200
S   1   1.00
        0.1303870000     1.00000000
S   1   1.00
        0.5847550000     1.00000000
P   9   1.00
        0.0561470000     0.07350400
        0.1222590000     0.33469200
        0.2662200000     0.47332300
        0.5796940000     0.27657100
        1.2622860000    -0.03235600
        2.7486310000    -0.10370900
        5.9851520000     0.02018100
       13.0326850000    -0.00109500
       28.3787080000     0.00001900
P   1   1.00
        0.0696830000     1.00000000
P   1   1.00
        0.1412310000     1.00000000
D   1   1.00
        0.1952350000     1.00000000
D   1   1.00
        0.4710510000     1.00000000
F   1   1.00
        0.4662460000     1.00000000
****
