****
Sn     0
S   9   1.00
        0.0590000000     0.23888200
        0.1243270000     0.59880600
        0.2619860000     0.42253100
        0.5520650000    -0.03572700
        1.1633300000    -0.63179000
        2.4514070000     0.29429700
        5.1656850000    -0.05759200
       10.8853030000     0.00933300
       22.9378720000    -0.00129800
S   1   1.00
        0.0782100000     1.00000000
S   1   1.00
        0.3084240000     1.00000000
P   9   1.00
        0.0305130000     0.08395800
        0.0633060000     0.34066000
        0.1313420000     0.45825700
        0.2724970000     0.25795000
        0.5653510000     0.02092200
        1.1729380000    -0.18912100
        2.4335040000     0.05406800
        5.0488100000    -0.00701300
       10.4748080000     0.00074900
P   1   1.00
        0.0648920000     1.00000000
P   1   1.00
        0.3766190000     1.00000000
D   1   1.00
        0.1078440000     1.00000000
D   1   1.00
        0.2234500000     1.00000000
F   1   1.00
        0.2812560000     1.00000000
****
