****
Te     0
S   9   1.00
        0.0751420000     0.17250600
        0.1575840000     0.58817700
        0.3304750000     0.54265900
        0.6930510000    -0.10393000
        1.4534240000    -0.57096300
        3.0480320000     0.23962700
        6.3921440000    -0.03790000
       13.4052110000     0.00505700
       28.1125810000    -0.00064300
S   1   1.00
        0.1047590000     1.00000000
S   1   1.00
        0.4093410000     1.00000000
P   9   1.00
        0.0448210000     0.05958100
        0.0898260000     0.28920000
        0.1800210000     0.46742300
        0.3607800000     0.33177600
        0.7230400000     0.00540600
        1.4490480000    -0.19172100
        2.9040420000     0.04553800
        5.8200010000    -0.00360000
       11.6638850000     0.00020500
P   1   1.00
        0.0830680000     1.00000000
P   1   1.00
        0.4685400000     1.00000000
D   1   1.00
        0.1568560000     1.00000000
D   1   1.00
        0.3102180000     1.00000000
F   1   1.00
        0.3552180000     1.00000000
****
