****
Cl     0
S   9   1.00
        0.1199440000     0.14891700
        0.2573480000     0.50361600
        0.5521570000     0.52399500
        1.1846910000     0.01361200
        2.5418360000    -0.32884600
        5.4536810000     0.05630900
       11.7012430000    -0.00130100
       25.1058120000    -0.00029400
       53.8662260000     0.00007600
S   1   1.00
        0.1520490000     1.00000000
S   1   1.00
        0.6391100000     1.00000000
S   1   1.00
        0.8014380000     1.00000000
S   1   1.00
        1.6713800000     1.00000000
S   1   1.00
        0.0479000000     1.00000000
P   9   1.00
        0.0743740000     0.08492500
        0.1550840000     0.27065800
        0.3233780000     0.39602200
        0.6743030000     0.32432500
        1.4060430000     0.10066100
        2.9318550000    -0.06980200
        6.1134500000    -0.00095100
       12.7476510000     0.00150100
       26.5811650000    -0.00024900
P   1   1.00
        0.1039260000     1.00000000
P   1   1.00
        0.2755820000     1.00000000
P   1   1.00
        0.6674360000     1.00000000
P   1   1.00
        1.1716140000     1.00000000
P   1   1.00
        0.0348000000     1.00000000
D   1   1.00
        0.2374190000     1.00000000
D   1   1.00
        0.7295170000     1.00000000
D   1   1.00
        0.9240490000     1.00000000
D   1   1.00
        1.5221820000     1.00000000
D   1   1.00
        0.1003000000     1.00000000
F   1   1.00
        0.3351230000     1.00000000
F   1   1.00
        0.7891160000     1.00000000
F   1   1.00
        1.6099750000     1.00000000
F   1   1.00
        0.1640000000     1.00000000
G   1   1.00
        0.5761330000     1.00000000
G   1   1.00
        1.4029710000     1.00000000
G   1   1.00
        0.2770000000     1.00000000
H   1   1.00
        1.0996090000     1.00000000
H   1   1.00
        0.6070000000     1.00000000
****
