! aug-cc-pvqz-ecp-bfd
! s functions
H  13   5
        0.0519000000        0.0000000000        0.0000000000        0.0000000000
                            0.0000000000        1.0000000000
        0.1199440000        0.1489170000        0.0000000000        0.0000000000
                            0.0000000000        0.0000000000
        0.1615940000        0.0000000000        1.0000000000        0.0000000000
                            0.0000000000        0.0000000000
        0.2573480000        0.5036160000        0.0000000000        0.0000000000
                            0.0000000000        0.0000000000
        0.4401110000        0.0000000000        0.0000000000        1.0000000000
                            0.0000000000        0.0000000000
        0.5521570000        0.5239950000        0.0000000000        0.0000000000
                            0.0000000000        0.0000000000
        0.8489280000        0.0000000000        0.0000000000        0.0000000000
                            1.0000000000        0.0000000000
        1.1846910000        0.0136120000        0.0000000000        0.0000000000
                            0.0000000000        0.0000000000
        2.5418360000       -0.3288460000        0.0000000000        0.0000000000
                            0.0000000000        0.0000000000
        5.4536810000        0.0563090000        0.0000000000        0.0000000000
                            0.0000000000        0.0000000000
       11.7012430000       -0.0013010000        0.0000000000        0.0000000000
                            0.0000000000        0.0000000000
       25.1058120000       -0.0002940000        0.0000000000        0.0000000000
                            0.0000000000        0.0000000000
       53.8662260000        0.0000760000        0.0000000000        0.0000000000
                            0.0000000000        0.0000000000
! p functions
H  13   5
        0.0376000000        0.0000000000        0.0000000000        0.0000000000
                            0.0000000000        1.0000000000
        0.0743740000        0.0849250000        0.0000000000        0.0000000000
                            0.0000000000        0.0000000000
        0.1113090000        0.0000000000        1.0000000000        0.0000000000
                            0.0000000000        0.0000000000
        0.1550840000        0.2706580000        0.0000000000        0.0000000000
                            0.0000000000        0.0000000000
        0.2894030000        0.0000000000        0.0000000000        0.0000000000
                            1.0000000000        0.0000000000
        0.3233780000        0.3960220000        0.0000000000        0.0000000000
                            0.0000000000        0.0000000000
        0.6743030000        0.3243250000        0.0000000000        0.0000000000
                            0.0000000000        0.0000000000
        1.2868810000        0.0000000000        0.0000000000        1.0000000000
                            0.0000000000        0.0000000000
        1.4060430000        0.1006610000        0.0000000000        0.0000000000
                            0.0000000000        0.0000000000
        2.9318550000       -0.0698020000        0.0000000000        0.0000000000
                            0.0000000000        0.0000000000
        6.1134500000       -0.0009510000        0.0000000000        0.0000000000
                            0.0000000000        0.0000000000
       12.7476510000        0.0015010000        0.0000000000        0.0000000000
                            0.0000000000        0.0000000000
       26.5811650000       -0.0002490000        0.0000000000        0.0000000000
                            0.0000000000        0.0000000000
! d functions
H   4   4
        0.0952000000        0.0000000000        0.0000000000        0.0000000000
                            1.0000000000
        0.2530630000        1.0000000000        0.0000000000        0.0000000000
                            0.0000000000
        0.6425890000        0.0000000000        1.0000000000        0.0000000000
                            0.0000000000
        1.6547170000        0.0000000000        0.0000000000        1.0000000000
                            0.0000000000
! f functions
H   3   3
        0.2170000000        0.0000000000        0.0000000000        1.0000000000
        0.4481750000        1.0000000000        0.0000000000        0.0000000000
        1.1898070000        0.0000000000        1.0000000000        0.0000000000
! g functions
H   2   2
        0.3780000000        0.0000000000        1.0000000000
        0.8483070000        1.0000000000        0.0000000000
