! aug-cc-pvqz-ecp-bfd
! s functions
H  13   5
        0.0859400000        0.0000000000        0.0000000000        0.0000000000
                            0.0000000000        1.0000000000
        0.1727230000        0.0702400000        0.0000000000        0.0000000000
                            0.0000000000        0.0000000000
        0.2943450000        0.0000000000        1.0000000000        0.0000000000
                            0.0000000000        0.0000000000
        0.3648750000        0.3110880000        0.0000000000        0.0000000000
                            0.0000000000        0.0000000000
        0.7707950000        0.4446750000        0.0000000000        0.0000000000
                            0.0000000000        0.0000000000
        1.0480130000        0.0000000000        0.0000000000        1.0000000000
                            0.0000000000        0.0000000000
        1.6282950000        0.2870110000        0.0000000000        0.0000000000
                            0.0000000000        0.0000000000
        1.7056530000        0.0000000000        0.0000000000        0.0000000000
                            1.0000000000        0.0000000000
        3.4397570000        0.0187590000        0.0000000000        0.0000000000
                            0.0000000000        0.0000000000
        7.2664510000       -0.1286080000        0.0000000000        0.0000000000
                            0.0000000000        0.0000000000
       15.3503000000        0.0091040000        0.0000000000        0.0000000000
                            0.0000000000        0.0000000000
       32.4273480000        0.0008100000        0.0000000000        0.0000000000
                            0.0000000000        0.0000000000
       68.5024330000       -0.0001330000        0.0000000000        0.0000000000
                            0.0000000000        0.0000000000
! p functions
H  13   5
        0.0656800000        0.0000000000        0.0000000000        0.0000000000
                            0.0000000000        1.0000000000
        0.1010010000        0.0353210000        0.0000000000        0.0000000000
                            0.0000000000        0.0000000000
        0.2044140000        0.1369240000        0.0000000000        0.0000000000
                            0.0000000000        0.0000000000
        0.2058060000        0.0000000000        1.0000000000        0.0000000000
                            0.0000000000        0.0000000000
        0.4137070000        0.2493530000        0.0000000000        0.0000000000
                            0.0000000000        0.0000000000
        0.6472400000        0.0000000000        0.0000000000        1.0000000000
                            0.0000000000        0.0000000000
        0.8372890000        0.2866200000        0.0000000000        0.0000000000
                            0.0000000000        0.0000000000
        1.6506880000        0.0000000000        0.0000000000        0.0000000000
                            1.0000000000        0.0000000000
        1.6945650000        0.2545410000        0.0000000000        0.0000000000
                            0.0000000000        0.0000000000
        3.4295800000        0.1695720000        0.0000000000        0.0000000000
                            0.0000000000        0.0000000000
        6.9410260000        0.0885420000        0.0000000000        0.0000000000
                            0.0000000000        0.0000000000
       14.0477370000        0.0398430000        0.0000000000        0.0000000000
                            0.0000000000        0.0000000000
       28.4307990000        0.0033780000        0.0000000000        0.0000000000
                            0.0000000000        0.0000000000
! d functions
H   4   4
        0.2070000000        0.0000000000        0.0000000000        0.0000000000
                            1.0000000000
        0.5873540000        1.0000000000        0.0000000000        0.0000000000
                            0.0000000000
        1.7243920000        0.0000000000        1.0000000000        0.0000000000
                            0.0000000000
        4.9980850000        0.0000000000        0.0000000000        1.0000000000
                            0.0000000000
! f functions
H   3   3
        0.4600000000        0.0000000000        0.0000000000        1.0000000000
        1.1781470000        1.0000000000        0.0000000000        0.0000000000
        3.6942850000        0.0000000000        1.0000000000        0.0000000000
! g functions
H   2   2
        0.9240000000        0.0000000000        1.0000000000
        2.4065830000        1.0000000000        0.0000000000
