! aug-cc-pvqz-ecp-bfd
! s functions
H  13   5
        0.0063600000        0.0000000000        0.0000000000        0.0000000000
                            0.0000000000        1.0000000000
        0.0101250000        0.0078410000        0.0000000000        0.0000000000
                            0.0000000000        0.0000000000
        0.0234370000        0.2581180000        0.0000000000        0.0000000000
                            0.0000000000        0.0000000000
        0.0248340000        0.0000000000        1.0000000000        0.0000000000
                            0.0000000000        0.0000000000
        0.0542510000        0.4233070000        0.0000000000        0.0000000000
                            0.0000000000        0.0000000000
        0.1097700000        0.0000000000        0.0000000000        1.0000000000
                            0.0000000000        0.0000000000
        0.1255810000        0.1678250000        0.0000000000        0.0000000000
                            0.0000000000        0.0000000000
        0.2906970000       -0.0683320000        0.0000000000        0.0000000000
                            0.0000000000        0.0000000000
        0.5196930000        0.0000000000        0.0000000000        0.0000000000
                            1.0000000000        0.0000000000
        0.6729090000       -0.1192690000        0.0000000000        0.0000000000
                            0.0000000000        0.0000000000
        1.5576590000        0.0077360000        0.0000000000        0.0000000000
                            0.0000000000        0.0000000000
        3.6056890000        0.0036300000        0.0000000000        0.0000000000
                            0.0000000000        0.0000000000
        8.3464940000       -0.0006460000        0.0000000000        0.0000000000
                            0.0000000000        0.0000000000
! p functions
H  13   5
        0.0075600000        0.0000000000        0.0000000000        0.0000000000
                            0.0000000000        1.0000000000
        0.0183000000       -0.0059060000        0.0000000000        0.0000000000
                            0.0000000000        0.0000000000
        0.0316990000       -0.0314220000        0.0000000000        0.0000000000
                            0.0000000000        0.0000000000
        0.0549080000       -0.0436280000        0.0000000000        0.0000000000
                            0.0000000000        0.0000000000
        0.0706620000        0.0000000000        1.0000000000        0.0000000000
                            0.0000000000        0.0000000000
        0.0951110000       -0.0167810000        0.0000000000        0.0000000000
                            0.0000000000        0.0000000000
        0.1158230000        0.0000000000        0.0000000000        1.0000000000
                            0.0000000000        0.0000000000
        0.1647510000       -0.0785940000        0.0000000000        0.0000000000
                            0.0000000000        0.0000000000
        0.2075050000        0.0000000000        0.0000000000        0.0000000000
                            1.0000000000        0.0000000000
        0.2853790000        0.0155620000        0.0000000000        0.0000000000
                            0.0000000000        0.0000000000
        0.4943300000       -0.0308300000        0.0000000000        0.0000000000
                            0.0000000000        0.0000000000
        0.8562730000        0.0061850000        0.0000000000        0.0000000000
                            0.0000000000        0.0000000000
        1.4832250000       -0.0086210000        0.0000000000        0.0000000000
                            0.0000000000        0.0000000000
! d functions
H   4   4
        0.0266000000        0.0000000000        0.0000000000        0.0000000000
                            1.0000000000
        0.0298170000        1.0000000000        0.0000000000        0.0000000000
                            0.0000000000
        0.0893530000        0.0000000000        1.0000000000        0.0000000000
                            0.0000000000
        0.2149900000        0.0000000000        0.0000000000        1.0000000000
                            0.0000000000
! f functions
H   3   3
        0.0552000000        0.0000000000        0.0000000000        1.0000000000
        0.0999300000        1.0000000000        0.0000000000        0.0000000000
        0.2403230000        0.0000000000        1.0000000000        0.0000000000
! g functions
H   2   2
        0.1050000000        0.0000000000        1.0000000000
        0.1995700000        1.0000000000        0.0000000000
