S  9
  1        0.0546280000     0.25317100
  2        0.1237430000     0.59829500
  3        0.2802990000     0.35690900
  4        0.6349260000    -0.05654400
  5        1.4382180000    -0.41126600
  6        3.2578140000     0.15607900
  7        7.3795140000    -0.02514200
  8       16.7158790000     0.00408900
  9       37.8643670000    -0.00062200
S  1
  1        0.0318980000     1.00000000
S  1
  1        0.0243480000     1.00000000
P  9
  1        0.0292070000     0.75940000
  2        0.0644200000    -0.02205900
  3        0.1420860000     0.36825200
  4        0.3133890000     0.05114200
  5        0.6912210000     0.03665500
  6        1.5245770000    -0.07858900
  7        3.3626520000     0.01778100
  8        7.4167640000    -0.00249800
  9       16.3586320000     0.00038600
P  1
  1        0.0271550000     1.00000000
P  1
  1        0.0151640000     1.00000000
D  1
  1        0.1823110000     1.00000000
D  1
  1        0.0537000000     1.00000000

