! aug-cc-pvtz-ecp-bfd
! s functions
H  12   4
        0.1133000000        0.0000000000        0.0000000000        0.0000000000
                            1.0000000000
        0.2058350000        0.0575140000        0.0000000000        0.0000000000
                            0.0000000000
        0.3177670000        0.0000000000        1.0000000000        0.0000000000
                            0.0000000000
        0.3913840000        0.2157760000        0.0000000000        0.0000000000
                            0.0000000000
        0.5345570000        0.0000000000        0.0000000000        1.0000000000
                            0.0000000000
        0.7441960000        0.3747990000        0.0000000000        0.0000000000
                            0.0000000000
        1.4150480000        0.3263130000        0.0000000000        0.0000000000
                            0.0000000000
        2.6906380000        0.1663830000        0.0000000000        0.0000000000
                            0.0000000000
        5.1161030000       -0.0391490000        0.0000000000        0.0000000000
                            0.0000000000
        9.7279940000       -0.0859090000        0.0000000000        0.0000000000
                            0.0000000000
       18.4972560000        0.0068160000        0.0000000000        0.0000000000
                            0.0000000000
       35.1715340000        0.0002060000        0.0000000000        0.0000000000
                            0.0000000000
! p functions
H  12   4
        0.0917500000        0.0000000000        0.0000000000        0.0000000000
                            1.0000000000
        0.1217720000        0.0299430000        0.0000000000        0.0000000000
                            0.0000000000
        0.2382480000        0.1142000000        0.0000000000        0.0000000000
                            0.0000000000
        0.2946650000        0.0000000000        1.0000000000        0.0000000000
                            0.0000000000
        0.4661360000        0.2196180000        0.0000000000        0.0000000000
                            0.0000000000
        0.9120020000        0.2688640000        0.0000000000        0.0000000000
                            0.0000000000
        0.9621260000        0.0000000000        0.0000000000        1.0000000000
                            0.0000000000
        1.7843440000        0.2569320000        0.0000000000        0.0000000000
                            0.0000000000
        3.4910950000        0.1913780000        0.0000000000        0.0000000000
                            0.0000000000
        6.8303780000        0.1121760000        0.0000000000        0.0000000000
                            0.0000000000
       13.3637320000        0.0633170000        0.0000000000        0.0000000000
                            0.0000000000
       26.1463320000        0.0080570000        0.0000000000        0.0000000000
                            0.0000000000
! d functions
H   3   3
        0.3860000000        0.0000000000        0.0000000000        1.0000000000
        1.1340630000        1.0000000000        0.0000000000        0.0000000000
        4.1614370000        0.0000000000        1.0000000000        0.0000000000
! f functions
H   2   2
        1.0840000000        0.0000000000        1.0000000000
        2.5567510000        1.0000000000        0.0000000000
