S  9
  1        7.6688270000     0.09990300
  2        5.8990980000    -0.53901400
  3        4.5377680000     0.78988400
  4        1.9397670000    -0.91985300
  5        0.4854160000     0.68541200
  6        0.3164380000     0.35206900
  7        0.1910010000     0.31311300
  8        0.0466020000     0.01207100
  9        0.0195860000     0.00019500
S  9
  1        7.6688270000    -0.02068400
  2        5.8990980000     0.14218600
  3        4.5377680000    -0.23588000
  4        1.9397670000     0.32514600
  5        0.4854160000    -0.24173500
  6        0.3164380000    -0.36194700
  7        0.1910010000    -0.19515000
  8        0.0466020000     0.85416200
  9        0.0195860000     0.37237500
S  9
  1        7.6688270000    -0.01821600
  2        5.8990980000    -0.08367000
  3        4.5377680000     0.27498900
  4        1.9397670000    -0.55976800
  5        0.4854160000     0.73977300
  6        0.3164380000     1.06805900
  7        0.1910010000    -1.18390500
  8        0.0466020000    -1.68640200
  9        0.0195860000     1.80745800
S  9
  1        7.6688270000    -0.16013700
  2        5.8990980000     0.13254100
  3        4.5377680000     0.41313300
  4        1.9397670000    -1.48146600
  5        0.4854160000     6.59308900
  6        0.3164380000    -5.74641300
  7        0.1910010000    -0.64904800
  8        0.0466020000     2.27321900
  9        0.0195860000    -1.39193100
S  9
  1        7.6688270000     2.48765200
  2        5.8990980000    -7.38690500
  3        4.5377680000     5.92895900
  4        1.9397670000    -0.49313600
  5        0.4854160000   -11.81231600
  6        0.3164380000    22.22253500
  7        0.1910010000   -13.10631700
  8        0.0466020000     3.36115200
  9        0.0195860000    -1.49253300
S  1
  1        0.0446720000     1.00000000
P  8
  1        5.7482160000    -0.00782000
  2        4.3594940000     0.02509800
  3        2.6948110000     0.13014200
  4        2.0546880000    -0.37171000
  5        1.3254760000     0.04556200
  6        0.5339330000     0.51254900
  7        0.2522340000     0.52204300
  8        0.1065790000     0.11521200
P  8
  1        5.7482160000    -0.07020800
  2        4.3594940000     0.22838400
  3        2.6948110000    -1.01883900
  4        2.0546880000     1.62201100
  5        1.3254760000    -0.72328400
  6        0.5339330000    -0.75993400
  7        0.2522340000    -0.10217200
  8        0.1065790000     1.11637500
P  8
  1        5.7482160000    -0.02000800
  2        4.3594940000     0.10248600
  3        2.6948110000    -1.18451000
  4        2.0546880000     2.48276600
  5        1.3254760000    -1.52519300
  6        0.5339330000    -1.79166700
  7        0.2522340000     3.16354400
  8        0.1065790000    -1.69775700
P  8
  1        5.7482160000     0.44186800
  2        4.3594940000    -1.42280500
  3        2.6948110000     6.53846300
  4        2.0546880000   -12.05191400
  5        1.3254760000    10.22663100
  6        0.5339330000    -6.34362100
  7        0.2522340000     4.04130200
  8        0.1065790000    -1.25355900
P  8
  1        5.7482160000    -4.31439000
  2        4.3594940000    14.72928200
  3        2.6948110000   -49.40660600
  4        2.0546880000    61.17335300
  5        1.3254760000   -26.32410400
  6        0.5339330000     6.78529600
  7        0.2522340000    -3.05099800
  8        0.1065790000     0.77946800
P  1
  1        0.1480230000     1.00000000
D  7
  1        1.2912370000    -0.08152600
  2        0.6201180000     0.24212200
  3        0.2458940000     0.36323000
  4        0.1003780000     0.36300100
  5        0.0434710000     0.27946200
  6        0.0193660000     0.08059800
  7        0.0056140000     0.00149500
D  7
  1        1.2912370000    -0.22638100
  2        0.6201180000     0.92414700
  3        0.2458940000     0.23804400
  4        0.1003780000    -0.42824800
  5        0.0434710000    -0.29457800
  6        0.0193660000    -0.09839300
  7        0.0056140000     0.00052300
D  7
  1        1.2912370000     0.07335400
  2        0.6201180000    -1.37453400
  3        0.2458940000     1.68584600
  4        0.1003780000    -0.48072900
  5        0.0434710000    -0.25494300
  6        0.0193660000    -0.15921200
  7        0.0056140000     0.01218500
D  7
  1        1.2912370000     0.66576900
  2        0.6201180000    -0.11251600
  3        0.2458940000    -1.11861700
  4        0.1003780000     1.99606300
  5        0.0434710000    -1.28763600
  6        0.0193660000    -0.06209700
  7        0.0056140000    -0.06517800
D  1
  1        0.2806880000     1.00000000
F  1
  1        0.3383080000     1.00000000
F  1
  1        1.0398400000     1.00000000
G  1
  1        0.8141300000     1.00000000

