S  8
  1        0.0380330000    -0.00747400
  2        0.1069620000     0.21193600
  3        0.5162180000    -0.53326300
  4        1.0885800000     0.53447100
  5        2.2518710000     0.53675000
  6        9.7696450000     0.14804400
  7       14.9380110000     0.00697500
  8       27.9365220000     0.00121300
S  8
  1        0.0380330000    -0.00043900
  2        0.1069620000    -0.04088700
  3        0.5162180000     0.12385600
  4        1.0885800000    -0.14878600
  5        2.2518710000    -0.27917300
  6        9.7696450000    -0.04066700
  7       14.9380110000     0.70785300
  8       27.9365220000     0.40521900
S  8
  1        0.0380330000    -0.03377000
  2        0.1069620000     0.00326000
  3        0.5162180000     0.31415600
  4        1.0885800000    -1.17980200
  5        2.2518710000    -0.11834700
  6        9.7696450000     1.12277500
  7       14.9380110000     0.64561600
  8       27.9365220000    -1.13467300
S  8
  1        0.0380330000     0.08958100
  2        0.1069620000    -0.21783700
  3        0.5162180000    -0.22294500
  4        1.0885800000     2.57592800
  5        2.2518710000    -2.60891600
  6        9.7696450000    -0.03227500
  7       14.9380110000     1.75258900
  8       27.9365220000    -1.41373500
S  8
  1        0.0380330000     1.14245600
  2        0.1069620000    -6.27166300
  3        0.5162180000     7.34384900
  4        1.0885800000    -5.06964000
  5        2.2518710000     5.07003000
  6        9.7696450000    -2.01848700
  7       14.9380110000    -0.41053600
  8       27.9365220000     1.92410400
S  1
  1        0.0190000000     1.00000000
P  7
  1        0.2053540000     0.01761700
  2        0.5166780000    -0.06724200
  3        1.0758320000     0.25378100
  4        2.1726000000     0.41178600
  5        4.4091540000     0.34158300
  6       12.5457010000     0.12717300
  7       16.3101720000     0.01132000
P  7
  1        0.2053540000    -0.01314600
  2        0.5166780000     0.05939300
  3        1.0758320000    -0.31513800
  4        2.1726000000    -0.30817900
  5        4.4091540000     0.06233500
  6       12.5457010000     0.34059100
  7       16.3101720000     0.41307400
P  7
  1        0.2053540000     0.01881100
  2        0.5166780000    -0.10863200
  3        1.0758320000     0.71676000
  4        2.1726000000     0.36904700
  5        4.4091540000    -0.84282500
  6       12.5457010000    -0.48473600
  7       16.3101720000     0.34259300
P  7
  1        0.2053540000     0.10486900
  2        0.5166780000    -0.04414100
  3        1.0758320000    -1.50767800
  4        2.1726000000     1.32932700
  5        4.4091540000     0.86508800
  6       12.5457010000    -1.27443700
  7       16.3101720000    -0.48683000
P  7
  1        0.2053540000    -0.80076100
  2        0.5166780000     1.20702800
  3        1.0758320000     1.36075200
  4        2.1726000000    -3.72426400
  5        4.4091540000     3.26241800
  6       12.5457010000    -0.58192000
  7       16.3101720000    -1.52088300
P  1
  1        0.1000000000     1.00000000
D  6
  1        0.1294960000     0.08323100
  2        0.3667140000     0.26568600
  3        0.9417920000     0.34394200
  4        2.2898430000     0.33678400
  5        5.4420770000     0.23921300
  6       11.5210320000     0.08803900
D  6
  1        0.1294960000    -0.09357000
  2        0.3667140000    -0.35201000
  3        0.9417920000    -0.32626600
  4        2.2898430000     0.15593900
  5        5.4420770000     0.49477900
  6       11.5210320000     0.34699400
D  6
  1        0.1294960000    -0.10673400
  2        0.3667140000    -0.53376600
  3        0.9417920000     0.01571100
  4        2.2898430000     0.81693800
  5        5.4420770000    -0.10444800
  6       11.5210320000    -0.59562500
D  6
  1        0.1294960000    -0.23247100
  2        0.3667140000    -0.77372000
  3        0.9417920000     1.23768400
  4        2.2898430000    -0.16796100
  5        5.4420770000    -0.84148400
  6       11.5210320000     0.64433000
D  1
  1        0.0650000000     1.00000000
F  1
  1        0.7469560000     1.00000000
F  1
  1        6.5444150000     1.00000000
F  1
  1        2.4031190000     1.00000000
G  1
  1        1.8157360000     1.00000000
G  1
  1        5.2699430000     1.00000000
H  1
  1        4.1680720000     1.00000000

