S  8
  1        0.0339370000    -0.01832500
  2        0.0915280000     0.20195600
  3        0.3744160000    -0.53623100
  4        0.7872880000     0.56644300
  5        1.6494210000     0.53235500
  6        7.3544680000     0.12701900
  7       12.6598460000     0.00769400
  8       20.8735220000     0.00290100
S  8
  1        0.0339370000     0.00233500
  2        0.0915280000    -0.04570600
  3        0.3744160000     0.14040300
  4        0.7872880000    -0.17403700
  5        1.6494210000    -0.30390100
  6        7.3544680000    -0.04200700
  7       12.6598460000     0.70558900
  8       20.8735220000     0.42451200
S  8
  1        0.0339370000    -0.03665500
  2        0.0915280000    -0.02992600
  3        0.3744160000     0.42309200
  4        0.7872880000    -1.49975100
  5        1.6494210000     0.16570500
  6        7.3544680000     1.21004900
  7       12.6598460000     0.38688600
  8       20.8735220000    -0.99632100
S  8
  1        0.0339370000     0.12984000
  2        0.0915280000    -0.23528600
  3        0.3744160000    -0.27722700
  4        0.7872880000     2.93446900
  5        1.6494210000    -3.64983600
  6        7.3544680000     0.80011500
  7       12.6598460000     1.69729600
  8       20.8735220000    -1.56265100
S  8
  1        0.0339370000     0.63975700
  2        0.0915280000    -1.92126900
  3        0.3744160000     1.48959200
  4        0.7872880000     2.33328100
  5        1.6494210000    -5.96346200
  6        7.3544680000     5.18838000
  7       12.6598460000    -2.79575900
  8       20.8735220000     1.35465700
S  1
  1        0.0170000000     1.00000000
P  7
  1        0.2100590000     0.00192700
  2        0.5013160000    -0.10167700
  3        1.0575190000     0.14732600
  4        2.1589330000     0.36387500
  5        4.4099550000     0.42081300
  6        7.5104900000     0.22347700
  7       18.1219910000     0.03191400
P  7
  1        0.2100590000    -0.00231900
  2        0.5013160000     0.10504000
  3        1.0575190000    -0.18535900
  4        2.1589330000    -0.39992600
  5        4.4099550000    -0.13292800
  6        7.5104900000     0.33869400
  7       18.1219910000     0.26172300
P  7
  1        0.2100590000     0.00405300
  2        0.5013160000    -0.20832000
  3        1.0575190000     0.41223200
  4        2.1589330000     0.83658700
  5        4.4099550000    -0.52318500
  6        7.5104900000    -0.79162500
  7       18.1219910000    -0.06759900
P  7
  1        0.2100590000    -0.00879500
  2        0.5013160000     0.47721400
  3        1.0575190000    -1.52074300
  4        2.1589330000     0.05153600
  5        4.4099550000     1.84734400
  6        7.5104900000    -0.96467800
  7       18.1219910000    -1.21077500
P  7
  1        0.2100590000     0.06725900
  2        0.5013160000     0.23259900
  3        1.0575190000    -2.57372800
  4        2.1589330000     3.55490500
  5        4.4099550000    -1.41544300
  6        7.5104900000    -1.41503800
  7       18.1219910000     2.67186100
P  1
  1        0.1050000000     1.00000000
D  6
  1        0.0980840000     0.07466800
  2        0.2699350000     0.24453800
  3        0.6848560000     0.33766800
  4        1.6586410000     0.34756600
  5        3.9514500000     0.25531900
  6        8.4302200000     0.09337300
D  6
  1        0.0980840000    -0.07749700
  2        0.2699350000    -0.34449600
  3        0.6848560000    -0.36218600
  4        1.6586410000     0.12885400
  5        3.9514500000     0.49041400
  6        8.4302200000     0.35775600
D  6
  1        0.0980840000    -0.06532500
  2        0.2699350000    -0.56764800
  3        0.6848560000    -0.03810500
  4        1.6586410000     0.87306600
  5        3.9514500000    -0.11779400
  6        8.4302200000    -0.59783000
D  6
  1        0.0980840000    -0.23882800
  2        0.2699350000    -0.85432900
  3        0.6848560000     1.38514700
  4        1.6586410000    -0.32799400
  5        3.9514500000    -0.73887200
  6        8.4302200000     0.65151900
D  1
  1        0.0490000000     1.00000000
F  1
  1        0.5504200000     1.00000000
F  1
  1        1.7435250000     1.00000000
F  1
  1        4.4864050000     1.00000000
G  1
  1        1.4559870000     1.00000000
G  1
  1        3.9451200000     1.00000000
H  1
  1        3.1644560000     1.00000000

