S  8
  1       25.8826570000    -0.01031800
  2       14.0377550000     0.23036400
  3        9.0077940000    -0.56655100
  4        2.0683500000     0.54443700
  5        0.9934980000     0.54000100
  6        0.4711510000     0.14311500
  7        0.1024890000     0.00738600
  8        0.0369020000     0.00186900
S  8
  1       25.8826570000     0.00034100
  2       14.0377550000    -0.04764600
  3        9.0077940000     0.13646500
  4        2.0683500000    -0.15337100
  5        0.9934980000    -0.28855500
  6        0.4711510000    -0.04421200
  7        0.1024890000     0.70476800
  8        0.0369020000     0.41540700
S  8
  1       25.8826570000    -0.03096700
  2       14.0377550000    -0.03419200
  3        9.0077940000     0.38344300
  4        2.0683500000    -1.25919200
  5        0.9934980000    -0.09891300
  6        0.4711510000     1.19432100
  7        0.1024890000     0.55502400
  8        0.0369020000    -1.07756300
S  8
  1       25.8826570000     0.42996800
  2       14.0377550000    -1.78654400
  3        9.0077940000     1.48264100
  4        2.0683500000     2.68400400
  5        0.9934980000    -6.15249000
  6        0.4711510000     4.80662100
  7        0.1024890000    -2.13483100
  8        0.0369020000     0.80572800
S  8
  1       25.8826570000     1.27483000
  2       14.0377550000    -6.36913100
  3        9.0077940000     7.26576200
  4        2.0683500000    -4.89338400
  5        0.9934980000     4.85996300
  6        0.4711510000    -1.93941100
  7        0.1024890000    -0.42926200
  8        0.0369020000     1.85645600
S  1
  1        0.0175000000     1.00000000
P  7
  1       16.6593890000     0.00722300
  2       10.4506530000    -0.07031500
  3        4.1832890000     0.22916100
  4        2.1179620000     0.39319900
  5        1.0644940000     0.36159600
  6        0.5147430000     0.15413900
  7        0.2104420000     0.01649800
P  7
  1       16.6593890000    -0.00556000
  2       10.4506530000     0.06350600
  3        4.1832890000    -0.27695600
  4        2.1179620000    -0.32147900
  5        1.0644940000    -0.00480800
  6        0.5147430000     0.33083300
  7        0.2104420000     0.35709500
P  7
  1       16.6593890000     0.00818500
  2       10.4506530000    -0.12534800
  3        4.1832890000     0.65718600
  4        2.1179620000     0.50590800
  5        1.0644940000    -0.77375700
  6        0.5147430000    -0.59277900
  7        0.2104420000     0.18531500
P  7
  1       16.6593890000     0.03753300
  2       10.4506530000     0.08980500
  3        4.1832890000    -1.56959700
  4        2.1179620000     1.10686100
  5        1.0644940000     1.12915700
  6        0.5147430000    -1.16799800
  7        0.2104420000    -0.79549900
P  7
  1       16.6593890000    -0.34888100
  2       10.4506530000     0.67282600
  3        4.1832890000     1.67487000
  4        2.1179620000    -3.92360200
  5        1.0644940000     2.91735900
  6        0.5147430000     0.01959500
  7        0.2104420000    -1.96590500
P  1
  1        0.1050000000     1.00000000
D  6
  1       10.2324130000     0.08159100
  2        4.8411510000     0.26319000
  3        2.0398270000     0.34285600
  4        0.8405650000     0.33832600
  5        0.3284850000     0.24073000
  6        0.1169260000     0.08837500
D  6
  1       10.2324130000    -0.08650000
  2        4.8411510000    -0.33973800
  3        2.0398270000    -0.32888200
  4        0.8405650000     0.13002500
  5        0.3284850000     0.49494100
  6        0.1169260000     0.36593300
D  6
  1       10.2324130000    -0.10142400
  2        4.8411510000    -0.54849200
  3        2.0398270000    -0.00209100
  4        0.8405650000     0.82845700
  5        0.3284850000    -0.08820600
  6        0.1169260000    -0.59095800
D  6
  1       10.2324130000    -0.23364700
  2        4.8411510000    -0.79323400
  3        2.0398270000     1.27362100
  4        0.8405650000    -0.20138800
  5        0.3284850000    -0.82192800
  6        0.1169260000     0.64182400
D  1
  1        0.0580000000     1.00000000
F  1
  1        0.8170200000     1.00000000
F  1
  1        2.4134700000     1.00000000
F  1
  1        6.1410570000     1.00000000
G  1
  1        1.9260330000     1.00000000
G  1
  1        4.9511660000     1.00000000
H  1
  1        4.3449180000     1.00000000

