S  6
  1        0.0792340000    -0.00494300
  2        0.2072030000     0.04957900
  3        0.5519480000     0.03717600
  4        1.4934420000     0.28790800
  5        3.5466370000     0.00954300
  6        6.3592010000     0.77008400
S  6
  1        0.0792340000    -0.01667200
  2        0.2072030000    -0.00577400
  3        0.5519480000    -0.22798200
  4        1.4934420000    -0.28565200
  5        3.5466370000    -1.07157900
  6        6.3592010000     1.42376700
S  6
  1        0.0792340000    -0.01888600
  2        0.2072030000    -0.05885400
  3        0.5519480000    -0.55698800
  4        1.4934420000    -1.08402200
  5        3.5466370000     2.72152500
  6        6.3592010000    -1.45809100
S  6
  1        0.0792340000    -0.08199900
  2        0.2072030000    -0.06946000
  3        0.5519480000    -2.07555500
  4        1.4934420000     4.12518000
  5        3.5466370000    -3.40759100
  6        6.3592010000     1.26487300
S  1
  1        0.1027000000     1.00000000
P  1
  1        2.2920000000     1.00000000
P  1
  1        0.8380000000     1.00000000
P  1
  1        0.2920000000     1.00000000
D  1
  1        2.0620000000     1.00000000
D  1
  1        0.6620000000     1.00000000
F  1
  1        1.3970000000     1.00000000

