S  8
  1       12.0690480000    -0.07076300
  2        9.2794200000     0.19342800
  3        3.8438240000    -0.49365300
  4        0.9804950000     0.36580200
  5        0.5079870000     0.59710200
  6        0.2351400000     0.26921000
  7        0.0385800000     0.00456900
  8        0.0165660000    -0.00115800
S  8
  1       12.0690480000     0.01332200
  2        9.2794200000    -0.03919000
  3        3.8438240000     0.11179600
  4        0.9804950000    -0.08977500
  5        0.5079870000    -0.20583200
  6        0.2351400000    -0.17881400
  7        0.0385800000     0.72269800
  8        0.0165660000     0.40407800
S  8
  1       12.0690480000    -0.07094200
  2        9.2794200000     0.23726400
  3        3.8438240000    -0.83298200
  4        0.9804950000     2.38274400
  5        0.5079870000    -0.67328200
  6        0.2351400000    -1.32102400
  7        0.0385800000     0.25672200
  8        0.0165660000     0.20010800
S  8
  1       12.0690480000    -0.67670500
  2        9.2794200000     0.98139700
  3        3.8438240000     0.15766300
  4        0.9804950000    -4.79324700
  5        0.5079870000     7.53041700
  6        0.2351400000    -3.93121000
  7        0.0385800000     0.34456700
  8        0.0165660000     0.21464800
S  8
  1       12.0690480000     3.85514800
  2        9.2794200000    -6.36139900
  3        3.8438240000     4.30496200
  4        0.9804950000    -3.59382700
  5        0.5079870000     2.45526200
  6        0.2351400000     0.02947900
  7        0.0385800000    -1.67851700
  8        0.0165660000     1.47949200
S  1
  1        0.0182060000     1.00000000
P  7
  1        7.0640050000     0.02618600
  2        5.4169530000    -0.07114700
  3        2.7115170000    -0.14333800
  4        2.0788240000     0.26779200
  5        0.8540920000     0.43810700
  6        0.3740190000     0.43541000
  7        0.1542830000     0.12970400
P  7
  1        7.0640050000    -0.02027800
  2        5.4169530000     0.05834600
  3        2.7115170000     0.63657000
  4        2.0788240000    -1.04995300
  5        0.8540920000    -0.75240300
  6        0.3740190000     0.73102300
  7        0.1542830000     0.49076300
P  7
  1        7.0640050000     0.05653500
  2        5.4169530000    -0.18299200
  3        2.7115170000    -0.82065800
  4        2.0788240000     2.12953800
  5        0.8540920000    -0.70165600
  6        0.3740190000    -1.21300600
  7        0.1542830000     1.32568000
P  7
  1        7.0640050000    -0.05204500
  2        5.4169530000     0.35115400
  3        2.7115170000    -0.19862500
  4        2.0788240000    -2.04590800
  5        0.8540920000     3.76853600
  6        0.3740190000    -3.43244700
  7        0.1542830000     1.53604700
P  7
  1        7.0640050000     0.31757200
  2        5.4169530000    -1.76743100
  3        2.7115170000    14.61532500
  4        2.0788240000   -16.27929500
  5        0.8540920000     5.50156800
  6        0.3740190000    -2.78494400
  7        0.1542830000     0.85822400
P  1
  1        0.1745190000     1.00000000
D  6
  1        2.8002700000     0.03281300
  2        0.8147430000     0.08194900
  3        0.2141620000     0.08743500
  4        0.0524690000     0.25919200
  5        0.0161770000     0.66094700
  6        0.0052970000     0.22183600
D  6
  1        2.8002700000     0.28006400
  2        0.8147430000     0.74915600
  3        0.2141620000     0.13260100
  4        0.0524690000    -0.07131500
  5        0.0161770000    -0.11791500
  6        0.0052970000    -0.04626700
D  6
  1        2.8002700000    -0.69236000
  2        0.8147430000     0.05414000
  3        0.2141620000     0.86036400
  4        0.0524690000    -0.22420300
  5        0.0161770000    -0.01537400
  6        0.0052970000    -0.06630200
D  6
  1        2.8002700000     0.94920400
  2        0.8147430000    -1.16322700
  3        0.2141620000     0.91301600
  4        0.0524690000    -0.11440600
  5        0.0161770000    -0.06233100
  6        0.0052970000    -0.05079900
D  1
  1        0.0700000000     1.00000000
F  1
  1        0.2040000000     1.00000000
F  1
  1        0.0680000000     1.00000000
G  1
  1        0.8880000000     1.00000000

