S  6
  1        1.4782600000     0.04428800
  2        0.7302450000    -0.30245300
  3        0.3102230000     0.11508300
  4        0.0920310000     0.66535400
  5        0.0433350000     0.34130800
  6        0.0196670000     0.05569500
S  6
  1        1.4782600000     0.12566500
  2        0.7302450000    -0.85667400
  3        0.3102230000     1.20515700
  4        0.0920310000     1.22308100
  5        0.0433350000    -1.73456300
  6        0.0196670000     0.02226600
S  6
  1        1.4782600000     0.00824100
  2        0.7302450000    -1.11836000
  3        0.3102230000     3.29508000
  4        0.0920310000    -4.23765900
  5        0.0433350000     2.59064000
  6        0.0196670000    -0.07014500
S  6
  1        1.4782600000    -2.11822700
  2        0.7302450000     5.08860200
  3        0.3102230000    -3.57990700
  4        0.0920310000     0.84028100
  5        0.0433350000     1.05435800
  6        0.0196670000    -1.14070300
S  1
  1        0.0399900000     1.00000000
P  6
  1        1.1524820000    -0.03307300
  2        0.4806210000    -0.14337500
  3        0.2841940000     0.31604300
  4        0.1149040000     0.55758500
  5        0.0604920000     0.30361400
  6        0.0181830000     0.02191400
P  6
  1        1.1524820000    -0.09181300
  2        0.4806210000    -0.49334600
  3        0.2841940000     1.77270500
  4        0.1149040000    -0.35822600
  5        0.0604920000    -0.75145900
  6        0.0181830000    -0.03598500
P  6
  1        1.1524820000    -0.55049500
  2        0.4806210000     1.99900800
  3        0.2841940000    -0.43051900
  4        0.1149040000    -2.36454200
  5        0.0604920000     1.90725900
  6        0.0181830000    -0.03675900
D  1
  1        0.1367000000     1.00000000
D  1
  1        0.0636000000     1.00000000
F  1
  1        0.1397000000     1.00000000

