S  9
  1        0.0232480000     0.05601900
  2        0.0573800000    -0.31955900
  3        0.2361980000     0.49689700
  4        0.4217680000    -0.69352100
  5        0.7314070000     0.55991500
  6        3.1061160000     0.47648800
  7        7.4188910000     0.23915300
  8        9.6445590000     0.01027000
  9       12.5379260000     0.00044400
S  9
  1        0.0232480000    -0.00964500
  2        0.0573800000     0.07466000
  3        0.2361980000    -0.13387200
  4        0.4217680000     0.22148100
  5        0.7314070000    -0.17848200
  6        3.1061160000    -0.36748300
  7        7.4188910000    -0.14388800
  8        9.6445590000     0.81974900
  9       12.5379260000     0.37844300
S  9
  1        0.0232480000    -0.01605900
  2        0.0573800000    -0.03628200
  3        0.2361980000     0.16287500
  4        0.4217680000    -0.40386300
  5        0.7314070000     0.65731800
  6        3.1061160000     0.72503600
  7        7.4188910000    -0.86406900
  8        9.6445590000    -1.61434400
  9       12.5379260000     1.74125800
S  9
  1        0.0232480000    -0.12513400
  2        0.0573800000     0.15643500
  3        0.2361980000     0.21370300
  4        0.4217680000    -1.06127400
  5        0.7314070000     4.35965000
  6        3.1061160000    -3.46714200
  7        7.4188910000    -0.89133000
  8        9.6445590000     2.08603200
  9       12.5379260000    -1.28299800
S  9
  1        0.0232480000     2.03779700
  2        0.0573800000    -6.06706400
  3        0.2361980000     4.91141700
  4        0.4217680000    -0.54572200
  5        0.7314070000    -6.91968700
  6        3.1061160000    13.92901900
  7        7.4188910000    -9.28606100
  8        9.6445590000     2.97434400
  9       12.5379260000    -1.32996800
S  1
  1        0.0185360000     1.00000000
P  8
  1        0.1443930000    -0.02737500
  2        0.3460620000     0.13445100
  3        0.7559190000    -0.14144600
  4        1.9589050000    -0.28823400
  5        2.5573800000     0.25148900
  6        4.7374470000     0.48483700
  7        6.1697120000     0.47892300
  8        8.0313000000     0.11611300
P  8
  1        0.1443930000    -0.07656300
  2        0.3460620000     0.26011600
  3        0.7559190000    -0.36152600
  4        1.9589050000     1.22316800
  5        2.5573800000    -1.15074100
  6        4.7374470000    -0.64849700
  7        6.1697120000     0.00539800
  8        8.0313000000     1.02707300
P  8
  1        0.1443930000     0.05426200
  2        0.3460620000    -0.23323400
  3        0.7559190000     0.16625900
  4        1.9589050000     1.43343700
  5        2.5573800000    -1.74915500
  6        4.7374470000    -1.30430000
  7        6.1697120000     2.78781300
  8        8.0313000000    -1.63728100
P  8
  1        0.1443930000     0.44389000
  2        0.3460620000    -1.45769500
  3        0.7559190000     1.80878900
  4        1.9589050000    -7.12006300
  5        2.5573800000     9.46435300
  6        4.7374470000    -5.40925900
  7        6.1697120000     3.64744500
  8        8.0313000000    -1.20065200
P  8
  1        0.1443930000    -3.57365200
  2        0.3460620000    15.71066800
  3        0.7559190000   -22.47916800
  4        1.9589050000    36.59089200
  5        2.5573800000   -29.89227400
  6        4.7374470000     6.08333700
  7        6.1697120000    -2.79791800
  8        8.0313000000     0.74928700
P  1
  1        0.2068370000     1.00000000
D  7
  1        0.0222100000    -0.12324900
  2        0.0588480000     0.13147800
  3        0.1510680000     0.18393600
  4        0.3744110000     0.25913100
  5        0.8519140000     0.32463900
  6        2.2590680000     0.37768700
  7        2.5974860000     0.19854600
D  7
  1        0.0222100000    -0.39396800
  2        0.0588480000     0.42114100
  3        0.1510680000     0.66709300
  4        0.3744110000     0.28396800
  5        0.8519140000    -0.24814600
  6        2.2590680000    -0.33220700
  7        2.5974860000    -0.17366000
D  7
  1        0.0222100000     1.63052300
  2        0.0588480000    -2.01722700
  3        0.1510680000    -0.67601600
  4        0.3744110000     1.14722400
  5        0.8519140000     0.05130000
  6        2.2590680000    -0.34539900
  7        2.5974860000    -0.20731600
D  7
  1        0.0222100000     2.64982300
  2        0.0588480000    -3.49356400
  3        0.1510680000     0.65827400
  4        0.3744110000     0.57976000
  5        0.8519140000    -1.09599800
  6        2.2590680000     0.13403400
  7        2.5974860000     0.65430000
D  1
  1        0.4346020000     1.00000000
F  1
  1        0.5036130000     1.00000000
F  1
  1        1.2912690000     1.00000000
G  1
  1        1.1069970000     1.00000000

