BASIS "ao basis" PRINT
Ga s
       37.8643670000     0.25317100
       16.7158790000     0.59829500
        7.3795140000     0.35690900
        3.2578140000    -0.05654400
        1.4382180000    -0.41126600
        0.6349260000     0.15607900
        0.2802990000    -0.02514200
        0.1237430000     0.00408900
        0.0546280000    -0.00062200
Ga s
        0.0318980000     1.00000000
Ga p
       16.3586320000     0.75940000
        7.4167640000    -0.02205900
        3.3626520000     0.36825200
        1.5245770000     0.05114200
        0.6912210000     0.03665500
        0.3133890000    -0.07858900
        0.1420860000     0.01778100
        0.0644200000    -0.00249800
        0.0292070000     0.00038600
Ga p
        0.0271550000     1.00000000
Ga d
        0.1823110000     1.00000000
END
