BASIS "ao basis" PRINT
Ge s
        0.0662870000     0.21323000
        0.1501280000     0.60557000
        0.3400130000     0.41344200
        0.7700640000    -0.10635600
        1.7440490000    -0.36457900
        3.9499400000     0.12744800
        8.9458640000    -0.01716600
       20.2606870000     0.00245400
       45.8866140000    -0.00035500
Ge s
        0.0437810000     1.00000000
Ge p
        0.0365110000     0.09868000
        0.0805240000     0.37229000
        0.1775930000     0.44383600
        0.3916770000     0.23258500
        0.8638320000     0.00005800
        1.9051570000    -0.10828200
        4.2017720000     0.02189400
        9.2668920000    -0.00191100
       20.4378730000     0.00018100
Ge p
        0.0747260000     1.00000000
Ge d
        0.2342780000     1.00000000
END
