BASIS "ao basis" PRINT
I s
       31.5723960000     0.20590200
       15.2449270000     0.62314400
        7.3611070000     0.49178800
        3.5543560000    -0.11341800
        1.7162430000    -0.67844200
        0.8286980000     0.35666000
        0.4001420000    -0.07867600
        0.1932110000     0.01347500
        0.0932930000    -0.00185900
I s
        0.0474060000     1.00000000
I p
       14.5261390000     0.11279200
        7.2589730000     0.31700900
        3.6274390000     0.45651400
        1.8126970000     0.28474600
        0.9058370000    -0.01207600
        0.4526630000    -0.23018200
        0.2262040000     0.08221400
        0.1130380000    -0.01249200
        0.0564870000     0.00128500
I p
        0.0889780000     1.00000000
I d
        0.2694080000     1.00000000
END
