BASIS "ao basis" PRINT
N s
       43.2649190000     0.06726600
       20.2302460000     0.33429000
        9.4594620000     0.45425700
        4.4231500000     0.26786100
        2.0682210000     0.00024800
        0.9670800000    -0.13260600
        0.4521970000     0.01443700
        0.2114430000     0.00035900
        0.0988690000    -0.00009400
N s
        0.1751230000     1.00000000
N p
       18.1406570000     0.03575800
        9.1077390000     0.15394500
        4.5726520000     0.27765600
        2.2957560000     0.29767600
        1.1526120000     0.23440300
        0.5786830000     0.14032100
        0.2905350000     0.06721900
        0.1458670000     0.03159400
        0.0732340000     0.00330100
N p
        0.2230420000     1.00000000
N d
        0.8320580000     1.00000000
END
