BASIS "ao basis" PRINT
Ne s
       35.1715340000     0.05751400
       18.4972560000     0.21577600
        9.7279940000     0.37479900
        5.1161030000     0.32631300
        2.6906380000     0.16638300
        1.4150480000    -0.03914900
        0.7441960000    -0.08590900
        0.3913840000     0.00681600
        0.2058350000     0.00020600
Ne s
        0.4553830000     1.00000000
Ne p
       26.1463320000     0.02994300
       13.3637320000     0.11420000
        6.8303780000     0.21961800
        3.4910950000     0.26886400
        1.7843440000     0.25693200
        0.9120020000     0.19137800
        0.4661360000     0.11217600
        0.2382480000     0.06331700
        0.1217720000     0.00805700
Ne p
        0.4722240000     1.00000000
Ne d
        2.3715330000     1.00000000
END
