BASIS "ao basis" PRINT
S s
       39.9506560000     0.14007400
       18.7766230000     0.49094200
        8.8249260000     0.51529700
        4.1476740000     0.05032000
        1.9493880000    -0.29890800
        0.9162030000     0.01982700
        0.4306110000     0.00726600
        0.2023850000    -0.00160200
        0.0951200000     0.00027100
S s
        0.0984540000     1.00000000
S p
       16.4779790000     0.08193800
        8.1163070000     0.25182600
        3.9977260000     0.37634400
        1.9690990000     0.32090200
        0.9698890000     0.14377900
        0.4777230000    -0.04554300
        0.2353050000    -0.01719100
        0.1159010000     0.00258000
        0.0570870000    -0.00022200
S p
        0.1289260000     1.00000000
S d
        0.5141350000     1.00000000
END
