BASIS "ao basis" PRINT
Sb s
       24.0534720000     0.21745900
       11.5772900000     0.59993200
        5.5723200000     0.45940700
        2.6820400000    -0.04247200
        1.2909050000    -0.65036200
        0.6213320000     0.29833300
        0.2990560000    -0.05689300
        0.1439400000     0.00910200
        0.0692800000    -0.00125500
Sb s
        0.0379420000     1.00000000
Sb p
       10.7823270000     0.08171200
        5.3580300000     0.32260500
        2.6625500000     0.46472200
        1.3230930000     0.27708800
        0.6574810000     0.00909000
        0.3267200000    -0.19482500
        0.1623560000     0.05439200
        0.0806790000    -0.00645500
        0.0400920000     0.00062900
Sb p
        0.0736290000     1.00000000
Sb d
        0.2106040000     1.00000000
END
