BASIS "ao basis" PRINT
Se s
       62.9122580000     0.20096500
       28.0010400000     0.61509300
       12.4627260000     0.46263600
        5.5469200000    -0.20417900
        2.4688280000    -0.30758400
        1.0988280000     0.10989500
        0.4890670000    -0.01228800
        0.2176740000     0.00120500
        0.0968830000    -0.00013200
Se s
        0.0624670000     1.00000000
Se p
       28.3787080000     0.07350400
       13.0326850000     0.33469200
        5.9851520000     0.47332300
        2.7486310000     0.27657100
        1.2622860000    -0.03235600
        0.5796940000    -0.10370900
        0.2662200000     0.02018100
        0.1222590000    -0.00109500
        0.0561470000     0.00001900
Se p
        0.1073810000     1.00000000
Se d
        0.3486490000     1.00000000
END
