BASIS "ao basis" PRINT
Si s
        0.0598870000     0.16749200
        0.1301080000     0.53255000
        0.2826680000     0.46429000
        0.6141150000    -0.00232200
        1.3342050000    -0.26823400
        2.8986450000     0.03192100
        6.2974930000    -0.00010600
       13.6817070000    -0.00014500
       29.7243870000     0.00006700
Si s
        0.0598030000     1.00000000
Si p
        0.0365250000     0.07876100
        0.0761370000     0.30833100
        0.1587120000     0.41777300
        0.3308430000     0.28167600
        0.6896580000     0.06987600
        1.4376250000    -0.05630600
        2.9967970000     0.00074400
        6.2469660000    -0.00025900
       13.0220970000    -0.00002200
Si p
        0.0815700000     1.00000000
Si d
        0.2836260000     1.00000000
END
