BASIS "ao basis" PRINT
Sn s
       22.9378720000     0.23888200
       10.8853030000     0.59880600
        5.1656850000     0.42253100
        2.4514070000    -0.03572700
        1.1633300000    -0.63179000
        0.5520650000     0.29429700
        0.2619860000    -0.05759200
        0.1243270000     0.00933300
        0.0590000000    -0.00129800
Sn s
        0.0311990000     1.00000000
Sn p
       10.4748080000     0.08395800
        5.0488100000     0.34066000
        2.4335040000     0.45825700
        1.1729380000     0.25795000
        0.5653510000     0.02092200
        0.2724970000    -0.18912100
        0.1313420000     0.05406800
        0.0633060000    -0.00701300
        0.0305130000     0.00074900
Sn p
        0.0583850000     1.00000000
Sn d
        0.1703480000     1.00000000
END
