BASIS "ao basis" PRINT
Te s
       28.1125810000     0.17250600
       13.4052110000     0.58817700
        6.3921440000     0.54265900
        3.0480320000    -0.10393000
        1.4534240000    -0.57096300
        0.6930510000     0.23962700
        0.3304750000    -0.03790000
        0.1575840000     0.00505700
        0.0751420000    -0.00064300
Te s
        0.0451930000     1.00000000
Te p
       11.6638850000     0.05958100
        5.8200010000     0.28920000
        2.9040420000     0.46742300
        1.4490480000     0.33177600
        0.7230400000     0.00540600
        0.3607800000    -0.19172100
        0.1800210000     0.04553800
        0.0898260000    -0.00360000
        0.0448210000     0.00020500
Te p
        0.0800580000     1.00000000
Te d
        0.2385660000     1.00000000
END
