BASIS "ao basis" PRINT
Cs s
        0.0126610000    -0.02924100     0.00774600    -0.09094900
        0.0278830000     0.09830100    -0.02789100     0.25013900
        0.1721290000    -0.48913100     0.15861500    -1.34335700
        0.4008300000    -0.08988900     0.01297800     2.09562400
        0.6713920000     0.85166900    -0.33136500     0.86525300
        1.6483310000     0.47990200    -0.28826400    -2.08535600
        5.8426210000     0.01012500     0.82451400     0.32333200
        8.5503250000    -0.00310200     0.32606000     0.21337900
Cs s
        0.0707110000     1.00000000
Cs p
        0.1024790000    -0.00032500     0.00584700     0.00601600
        0.2458900000     0.08274100    -0.18934500    -0.33832200
        0.5707410000    -0.21131100     0.46142600     0.93898800
        0.8728670000    -0.11777700     0.08431200    -1.75030000
        2.2449360000     0.47609000    -1.47771700    -0.12583400
        3.2177600000     0.58323800     0.49650400     2.35501400
        5.8890920000     0.17746100     0.74333500    -1.61784400
Cs p
        0.1725910000     1.00000000
Cs d
        0.0090390000     0.02219800     0.01708800
        0.0234040000    -0.04556800    -0.10304000
        0.0605960000     0.18209100     0.99603300
        0.4029470000     0.38057200     0.00802500
        1.8882190000     0.37050900    -0.22079000
        2.4953950000     0.40856500    -0.12141000
Cs d
        0.2276730000     1.00000000
END
