BASIS "ao basis" PRINT
Na s
        1.4782600000     0.01654300     0.04747600
        0.7302450000    -0.07030200    -0.20313700
        0.3102230000    -0.11252300    -0.05470200
        0.0920310000     0.24949000     0.30586700
        0.0433350000    -0.04953600     1.91320500
        0.0196670000     0.91901100    -1.94217200
Na s
        0.0230700000     1.00000000
Na p
        1.1911760000     0.00809800
        0.6882750000    -0.04655000
        0.1583080000    -0.00961700
        0.0944230000     0.24470900
        0.0362690000     0.61774300
        0.0147480000     0.25106800
END
