! cc-pv5z-ecp-bfd
! s functions
H  13   5
       25.3175970000        0.2061930000        0.0000000000        0.0000000000
                            0.0000000000        0.0000000000
       11.4886060000        0.5598870000        0.0000000000        0.0000000000
                            0.0000000000        0.0000000000
        5.2132940000        0.4078520000        0.0000000000        0.0000000000
                            0.0000000000        0.0000000000
        2.3656860000       -0.0410980000        0.0000000000        0.0000000000
                            0.0000000000        0.0000000000
        1.0735000000       -0.2386520000        0.0000000000        0.0000000000
                            0.0000000000        0.0000000000
        0.7253430000        0.0000000000        0.0000000000        0.0000000000
                            0.0000000000        1.0000000000
        0.4871320000        0.0381320000        0.0000000000        0.0000000000
                            0.0000000000        0.0000000000
        0.3320410000        0.0000000000        0.0000000000        0.0000000000
                            1.0000000000        0.0000000000
        0.2210510000       -0.0039350000        0.0000000000        0.0000000000
                            0.0000000000        0.0000000000
        0.1550630000        0.0000000000        0.0000000000        1.0000000000
                            0.0000000000        0.0000000000
        0.1003080000        0.0004700000        0.0000000000        0.0000000000
                            0.0000000000        0.0000000000
        0.0564150000        0.0000000000        1.0000000000        0.0000000000
                            0.0000000000        0.0000000000
        0.0455180000       -0.0000140000        0.0000000000        0.0000000000
                            0.0000000000        0.0000000000
! p functions
H  13   5
        5.3153300000        0.0099320000        0.0000000000        0.0000000000
                            0.0000000000        0.0000000000
        2.5485780000        0.1602120000        0.0000000000        0.0000000000
                            0.0000000000        0.0000000000
        1.2219850000        0.3891710000        0.0000000000        0.0000000000
                            0.0000000000        0.0000000000
        0.5859130000        0.3732350000        0.0000000000        0.0000000000
                            0.0000000000        0.0000000000
        0.3144220000        0.0000000000        0.0000000000        0.0000000000
                            0.0000000000        1.0000000000
        0.2809320000        0.1958000000        0.0000000000        0.0000000000
                            0.0000000000        0.0000000000
        0.2513600000        0.0000000000        0.0000000000        0.0000000000
                            1.0000000000        0.0000000000
        0.1347000000        0.0229470000        0.0000000000        0.0000000000
                            0.0000000000        0.0000000000
        0.0831540000        0.0000000000        0.0000000000        1.0000000000
                            0.0000000000        0.0000000000
        0.0645860000       -0.0532930000        0.0000000000        0.0000000000
                            0.0000000000        0.0000000000
        0.0339490000        0.0000000000        1.0000000000        0.0000000000
                            0.0000000000        0.0000000000
        0.0309670000        0.0048460000        0.0000000000        0.0000000000
                            0.0000000000        0.0000000000
        0.0148480000       -0.0007260000        0.0000000000        0.0000000000
                            0.0000000000        0.0000000000
! d functions
H   4   4
        0.9891270000        0.0000000000        0.0000000000        0.0000000000
                            1.0000000000
        0.5751290000        0.0000000000        0.0000000000        1.0000000000
                            0.0000000000
        0.2412160000        0.0000000000        1.0000000000        0.0000000000
                            0.0000000000
        0.0886510000        1.0000000000        0.0000000000        0.0000000000
                            0.0000000000
! f functions
H   3   3
        0.7810060000        0.0000000000        0.0000000000        1.0000000000
        0.3748500000        0.0000000000        1.0000000000        0.0000000000
        0.1485980000        1.0000000000        0.0000000000        0.0000000000
! g functions
H   2   2
        0.5613810000        0.0000000000        1.0000000000
        0.2595480000        1.0000000000        0.0000000000
! h functions
H   1   1
        0.3287310000        1.0000000000
