! cc-pv5z-ecp-bfd
! s functions
H  13   5
        0.0405690000        0.0320310000        0.0000000000        0.0000000000
                            0.0000000000        0.0000000000
        0.0706640000        0.0000000000        1.0000000000        0.0000000000
                            0.0000000000        0.0000000000
        0.0810440000        0.2433170000        0.0000000000        0.0000000000
                            0.0000000000        0.0000000000
        0.1618980000        0.4346360000        0.0000000000        0.0000000000
                            0.0000000000        0.0000000000
        0.1708960000        0.0000000000        0.0000000000        1.0000000000
                            0.0000000000        0.0000000000
        0.3234180000        0.3295810000        0.0000000000        0.0000000000
                            0.0000000000        0.0000000000
        0.3757200000        0.0000000000        0.0000000000        0.0000000000
                            1.0000000000        0.0000000000
        0.6141050000        0.0000000000        0.0000000000        0.0000000000
                            0.0000000000        1.0000000000
        0.6460800000        0.1118750000        0.0000000000        0.0000000000
                            0.0000000000        0.0000000000
        1.2906480000       -0.0786990000        0.0000000000        0.0000000000
                            0.0000000000        0.0000000000
        2.5782760000       -0.0987810000        0.0000000000        0.0000000000
                            0.0000000000        0.0000000000
        5.1505200000        0.0161640000        0.0000000000        0.0000000000
                            0.0000000000        0.0000000000
       10.2889900000       -0.0000160000        0.0000000000        0.0000000000
                            0.0000000000        0.0000000000
! p functions
H  13   5
        0.0292070000        0.0199090000        0.0000000000        0.0000000000
                            0.0000000000        0.0000000000
        0.0579170000        0.0000000000        1.0000000000        0.0000000000
                            0.0000000000        0.0000000000
        0.0584080000        0.1417750000        0.0000000000        0.0000000000
                            0.0000000000        0.0000000000
        0.1168030000        0.2944630000        0.0000000000        0.0000000000
                            0.0000000000        0.0000000000
        0.1437720000        0.0000000000        0.0000000000        1.0000000000
                            0.0000000000        0.0000000000
        0.2335820000        0.3090280000        0.0000000000        0.0000000000
                            0.0000000000        0.0000000000
        0.4363270000        0.0000000000        0.0000000000        0.0000000000
                            1.0000000000        0.0000000000
        0.4671150000        0.2363780000        0.0000000000        0.0000000000
                            0.0000000000        0.0000000000
        0.5666110000        0.0000000000        0.0000000000        0.0000000000
                            0.0000000000        1.0000000000
        0.9341320000        0.1313170000        0.0000000000        0.0000000000
                            0.0000000000        0.0000000000
        1.8680680000        0.0664540000        0.0000000000        0.0000000000
                            0.0000000000        0.0000000000
        3.7357430000        0.0212480000        0.0000000000        0.0000000000
                            0.0000000000        0.0000000000
        7.4707010000        0.0028370000        0.0000000000        0.0000000000
                            0.0000000000        0.0000000000
! d functions
H   4   4
        0.1348380000        1.0000000000        0.0000000000        0.0000000000
                            0.0000000000
        0.3801630000        0.0000000000        1.0000000000        0.0000000000
                            0.0000000000
        0.8082330000        0.0000000000        0.0000000000        1.0000000000
                            0.0000000000
        1.0222560000        0.0000000000        0.0000000000        0.0000000000
                            1.0000000000
! f functions
H   3   3
        0.2727170000        1.0000000000        0.0000000000        0.0000000000
        0.7991740000        0.0000000000        1.0000000000        0.0000000000
        1.0021710000        0.0000000000        0.0000000000        1.0000000000
! g functions
H   2   2
        0.4861310000        1.0000000000        0.0000000000
        0.8243660000        0.0000000000        1.0000000000
! h functions
H   1   1
        0.6327790000        1.0000000000
