! cc-pv5z-ecp-bfd
! s functions
H  13   5
        0.0127780000        0.0000000000        1.0000000000        0.0000000000
                            0.0000000000        0.0000000000
        0.0300680000        0.0251050000        0.0000000000        0.0000000000
                            0.0000000000        0.0000000000
        0.0540020000        0.1788900000        0.0000000000        0.0000000000
                            0.0000000000        0.0000000000
        0.0969860000        0.2639390000        0.0000000000        0.0000000000
                            0.0000000000        0.0000000000
        0.1088070000        0.0000000000        0.0000000000        1.0000000000
                            0.0000000000        0.0000000000
        0.1741860000        0.4359460000        0.0000000000        0.0000000000
                            0.0000000000        0.0000000000
        0.2161570000        0.0000000000        0.0000000000        0.0000000000
                            1.0000000000        0.0000000000
        0.3128360000       -0.0081880000        0.0000000000        0.0000000000
                            0.0000000000        0.0000000000
        0.5618500000        0.0495090000        0.0000000000        0.0000000000
                            0.0000000000        0.0000000000
        1.0090770000       -0.1145760000        0.0000000000        0.0000000000
                            0.0000000000        0.0000000000
        1.2072790000        0.0000000000        0.0000000000        0.0000000000
                            0.0000000000        1.0000000000
        1.8122900000       -0.0672070000        0.0000000000        0.0000000000
                            0.0000000000        0.0000000000
        3.2548520000        0.0172500000        0.0000000000        0.0000000000
                            0.0000000000        0.0000000000
! p functions
H  13   5
        0.0150640000        0.7350520000        0.0000000000        0.0000000000
                            0.0000000000        0.0000000000
        0.0285840000       -0.4762140000        0.0000000000        0.0000000000
                            0.0000000000        0.0000000000
        0.0542360000        0.5648060000        0.0000000000        0.0000000000
                            0.0000000000        0.0000000000
        0.0725610000        0.0000000000        1.0000000000        0.0000000000
                            0.0000000000        0.0000000000
        0.1029110000       -0.1085750000        0.0000000000        0.0000000000
                            0.0000000000        0.0000000000
        0.1844710000        0.0000000000        0.0000000000        0.0000000000
                            1.0000000000        0.0000000000
        0.1952690000        0.2338620000        0.0000000000        0.0000000000
                            0.0000000000        0.0000000000
        0.3705130000       -0.0090030000        0.0000000000        0.0000000000
                            0.0000000000        0.0000000000
        0.5017150000        0.0000000000        0.0000000000        1.0000000000
                            0.0000000000        0.0000000000
        0.7030300000        0.0675100000        0.0000000000        0.0000000000
                            0.0000000000        0.0000000000
        1.3339670000       -0.0028680000        0.0000000000        0.0000000000
                            0.0000000000        0.0000000000
        2.1286720000        0.0000000000        0.0000000000        0.0000000000
                            0.0000000000        1.0000000000
        2.5311390000        0.0178690000        0.0000000000        0.0000000000
                            0.0000000000        0.0000000000
! d functions
H   4   4
        0.0901750000        1.0000000000        0.0000000000        0.0000000000
                            0.0000000000
        0.2384940000        0.0000000000        0.0000000000        1.0000000000
                            0.0000000000
        0.7436530000        0.0000000000        1.0000000000        0.0000000000
                            0.0000000000
        0.9330010000        0.0000000000        0.0000000000        0.0000000000
                            1.0000000000
! f functions
H   3   3
        0.1291400000        1.0000000000        0.0000000000        0.0000000000
        0.2991500000        0.0000000000        1.0000000000        0.0000000000
        0.7390230000        0.0000000000        0.0000000000        1.0000000000
! g functions
H   2   2
        0.3160800000        1.0000000000        0.0000000000
        0.8634420000        0.0000000000        1.0000000000
! h functions
H   1   1
        0.4090800000        1.0000000000
