! cc-pv5z-ecp-bfd
! s functions
H  13   5
       13.0735940000        0.0139910000        0.0000000000        0.0000000000
                            0.0000000000        0.0000000000
        6.5411870000        0.1698520000        0.0000000000        0.0000000000
                            0.0000000000        0.0000000000
        3.2727910000        0.3975290000        0.0000000000        0.0000000000
                            0.0000000000        0.0000000000
        1.6374940000        0.3803690000        0.0000000000        0.0000000000
                            0.0000000000        0.0000000000
        1.0099140000        0.0000000000        0.0000000000        0.0000000000
                            0.0000000000        1.0000000000
        0.8192970000        0.1801130000        0.0000000000        0.0000000000
                            0.0000000000        0.0000000000
        0.7444480000        0.0000000000        0.0000000000        0.0000000000
                            1.0000000000        0.0000000000
        0.4099240000       -0.0335120000        0.0000000000        0.0000000000
                            0.0000000000        0.0000000000
        0.2320340000        0.0000000000        0.0000000000        1.0000000000
                            0.0000000000        0.0000000000
        0.2051000000       -0.1214990000        0.0000000000        0.0000000000
                            0.0000000000        0.0000000000
        0.1026190000        0.0151760000        0.0000000000        0.0000000000
                            0.0000000000        0.0000000000
        0.0983020000        0.0000000000        1.0000000000        0.0000000000
                            0.0000000000        0.0000000000
        0.0513440000       -0.0007050000        0.0000000000        0.0000000000
                            0.0000000000        0.0000000000
! p functions
H  13   5
        7.4800760000        0.0017870000        0.0000000000        0.0000000000
                            0.0000000000        0.0000000000
        3.7410350000        0.0504260000        0.0000000000        0.0000000000
                            0.0000000000        0.0000000000
        1.8710160000        0.1916340000        0.0000000000        0.0000000000
                            0.0000000000        0.0000000000
        1.0062520000        0.0000000000        0.0000000000        0.0000000000
                            0.0000000000        1.0000000000
        0.9357570000        0.3026670000        0.0000000000        0.0000000000
                            0.0000000000        0.0000000000
        0.5768690000        0.0000000000        0.0000000000        0.0000000000
                            1.0000000000        0.0000000000
        0.4680030000        0.2898680000        0.0000000000        0.0000000000
                            0.0000000000        0.0000000000
        0.2340640000        0.2109790000        0.0000000000        0.0000000000
                            0.0000000000        0.0000000000
        0.2166180000        0.0000000000        0.0000000000        1.0000000000
                            0.0000000000        0.0000000000
        0.1170630000        0.1120240000        0.0000000000        0.0000000000
                            0.0000000000        0.0000000000
        0.0840470000        0.0000000000        1.0000000000        0.0000000000
                            0.0000000000        0.0000000000
        0.0585470000        0.0544250000        0.0000000000        0.0000000000
                            0.0000000000        0.0000000000
        0.0292810000        0.0219310000        0.0000000000        0.0000000000
                            0.0000000000        0.0000000000
! d functions
H   4   4
        1.5048820000        0.0000000000        0.0000000000        0.0000000000
                            1.0000000000
        1.0015260000        0.0000000000        0.0000000000        1.0000000000
                            0.0000000000
        0.6069330000        0.0000000000        1.0000000000        0.0000000000
                            0.0000000000
        0.2066190000        1.0000000000        0.0000000000        0.0000000000
                            0.0000000000
! f functions
H   3   3
        1.5010910000        0.0000000000        0.0000000000        1.0000000000
        1.0995640000        0.0000000000        1.0000000000        0.0000000000
        0.4005730000        1.0000000000        0.0000000000        0.0000000000
! g functions
H   2   2
        1.4013430000        0.0000000000        1.0000000000
        0.7976480000        1.0000000000        0.0000000000
! h functions
H   1   1
        1.0017030000        1.0000000000
