! cc-pv5z-ecp-bfd
! s functions
H  13   5
       10.1803850000        0.0007060000        0.0000000000        0.0000000000
                            0.0000000000        0.0000000000
        4.4262540000       -0.0021190000        0.0000000000        0.0000000000
                            0.0000000000        0.0000000000
        1.9244580000        0.0576930000        0.0000000000        0.0000000000
                            0.0000000000        0.0000000000
        1.3798380000        0.0000000000        0.0000000000        0.0000000000
                            0.0000000000        1.0000000000
        0.8367210000        0.2306950000        0.0000000000        0.0000000000
                            0.0000000000        0.0000000000
        0.7150470000        0.0000000000        0.0000000000        0.0000000000
                            1.0000000000        0.0000000000
        0.4028920000        0.0000000000        0.0000000000        1.0000000000
                            0.0000000000        0.0000000000
        0.3637920000        0.2776120000        0.0000000000        0.0000000000
                            0.0000000000        0.0000000000
        0.1581700000        0.1698330000        0.0000000000        0.0000000000
                            0.0000000000        0.0000000000
        0.1223440000        0.0000000000        1.0000000000        0.0000000000
                            0.0000000000        0.0000000000
        0.0687700000        0.0974430000        0.0000000000        0.0000000000
                            0.0000000000        0.0000000000
        0.0299000000        0.0299660000        0.0000000000        0.0000000000
                            0.0000000000        0.0000000000
        0.0130000000       -0.0004520000        0.0000000000        0.0000000000
                            0.0000000000        0.0000000000
! p functions
H  12   4
        6.2649910000        0.0012420000        0.0000000000        0.0000000000
                            0.0000000000
        2.4096120000       -0.0009130000        0.0000000000        0.0000000000
                            0.0000000000
        0.9267740000       -0.0000540000        0.0000000000        0.0000000000
                            0.0000000000
        0.7847650000        0.0000000000        1.0000000000        0.0000000000
                            0.0000000000
        0.5136650000        0.0000000000        0.0000000000        0.0000000000
                            1.0000000000
        0.3564510000       -0.0002380000        0.0000000000        0.0000000000
                            0.0000000000
        0.1736060000        0.0000000000        0.0000000000        1.0000000000
                            0.0000000000
        0.1370970000       -0.0115300000        0.0000000000        0.0000000000
                            0.0000000000
        0.0527300000       -0.0182350000        0.0000000000        0.0000000000
                            0.0000000000
        0.0202810000       -0.0139290000        0.0000000000        0.0000000000
                            0.0000000000
        0.0078000000       -0.0093950000        0.0000000000        0.0000000000
                            0.0000000000
        0.0030000000       -0.0003470000        0.0000000000        0.0000000000
                            0.0000000000
! d functions
H   3   3
        2.9173880000        1.0000000000        0.0000000000        0.0000000000
        1.1321710000        0.0000000000        0.0000000000        1.0000000000
        0.4663790000        0.0000000000        1.0000000000        0.0000000000
! f functions
H   2   2
        1.6496080000        1.0000000000        0.0000000000
        0.7931850000        0.0000000000        1.0000000000
! g functions
H   1   1
        1.6068130000        1.0000000000
