! cc-pv5z-ecp-bfd
! s functions
H  13   5
       26.8956620000        0.0124250000        0.0000000000        0.0000000000
                            0.0000000000        0.0000000000
       12.9519260000        0.1282510000        0.0000000000        0.0000000000
                            0.0000000000        0.0000000000
        6.2371540000        0.2822210000        0.0000000000        0.0000000000
                            0.0000000000        0.0000000000
        3.0035760000        0.2924270000        0.0000000000        0.0000000000
                            0.0000000000        0.0000000000
        1.4464080000        0.2150250000        0.0000000000        0.0000000000
                            0.0000000000        0.0000000000
        1.3243120000        0.0000000000        1.0000000000        0.0000000000
                            0.0000000000        0.0000000000
        0.8769760000        0.0000000000        0.0000000000        1.0000000000
                            0.0000000000        0.0000000000
        0.6965350000        0.1254500000        0.0000000000        0.0000000000
                            0.0000000000        0.0000000000
        0.3354250000        0.0649120000        0.0000000000        0.0000000000
                            0.0000000000        0.0000000000
        0.2940750000        0.0000000000        0.0000000000        0.0000000000
                            1.0000000000        0.0000000000
        0.1615280000        0.0388920000        0.0000000000        0.0000000000
                            0.0000000000        0.0000000000
        0.1165060000        0.0000000000        0.0000000000        0.0000000000
                            0.0000000000        1.0000000000
        0.0777860000        0.0025310000        0.0000000000        0.0000000000
                            0.0000000000        0.0000000000
! p functions
H  11   4
       16.7371800000       -0.0001160000        0.0000000000        0.0000000000
                            0.0000000000
        9.0633860000        2.1169500000        0.0000000000        0.0000000000
                            0.0000000000
        6.7410090000        0.0000000000        1.0000000000        0.0000000000
                            0.0000000000
        4.9079340000       -2.1829540000        0.0000000000        0.0000000000
                            0.0000000000
        2.6577060000        1.5458500000        0.0000000000        0.0000000000
                            0.0000000000
        2.6473400000        0.0000000000        0.0000000000        1.0000000000
                            0.0000000000
        1.4391800000       -0.8794770000        0.0000000000        0.0000000000
                            0.0000000000
        0.8938500000        0.0000000000        0.0000000000        0.0000000000
                            1.0000000000
        0.7793330000        0.4697100000        0.0000000000        0.0000000000
                            0.0000000000
        0.4220190000       -0.2246310000        0.0000000000        0.0000000000
                            0.0000000000
        0.2285280000        0.0984220000        0.0000000000        0.0000000000
                            0.0000000000
! d functions
H   3   3
        4.2855150000        0.0000000000        0.0000000000        1.0000000000
        2.1752080000        0.0000000000        1.0000000000        0.0000000000
        1.8422780000        1.0000000000        0.0000000000        0.0000000000
! f functions
H   2   2
        1.6320740000        0.0000000000        1.0000000000
        0.7497340000        1.0000000000        0.0000000000
! g functions
H   1   1
        0.6236690000        1.0000000000
