! cc-pv5z-ecp-bfd
! s functions
H  13   5
        0.1253460000        0.0557410000        0.0000000000        0.0000000000
                            0.0000000000        0.0000000000
        0.1606640000        0.0000000000        1.0000000000        0.0000000000
                            0.0000000000        0.0000000000
        0.2680220000        0.3048480000        0.0000000000        0.0000000000
                            0.0000000000        0.0000000000
        0.3845260000        0.0000000000        0.0000000000        1.0000000000
                            0.0000000000        0.0000000000
        0.5730980000        0.4537520000        0.0000000000        0.0000000000
                            0.0000000000        0.0000000000
        0.9351570000        0.0000000000        0.0000000000        0.0000000000
                            1.0000000000        0.0000000000
        1.2254290000        0.2959260000        0.0000000000        0.0000000000
                            0.0000000000        0.0000000000
        1.9375320000        0.0000000000        0.0000000000        0.0000000000
                            0.0000000000        1.0000000000
        2.6202770000        0.0195670000        0.0000000000        0.0000000000
                            0.0000000000        0.0000000000
        5.6028180000       -0.1286270000        0.0000000000        0.0000000000
                            0.0000000000        0.0000000000
       11.9802450000        0.0120240000        0.0000000000        0.0000000000
                            0.0000000000        0.0000000000
       25.6168010000        0.0004070000        0.0000000000        0.0000000000
                            0.0000000000        0.0000000000
       54.7752160000       -0.0000760000        0.0000000000        0.0000000000
                            0.0000000000        0.0000000000
! p functions
H  13   5
        0.0835980000        0.0449580000        0.0000000000        0.0000000000
                            0.0000000000        0.0000000000
        0.1305800000        0.0000000000        1.0000000000        0.0000000000
                            0.0000000000        0.0000000000
        0.1670170000        0.1501750000        0.0000000000        0.0000000000
                            0.0000000000        0.0000000000
        0.3336730000        0.2559990000        0.0000000000        0.0000000000
                            0.0000000000        0.0000000000
        0.3726740000        0.0000000000        0.0000000000        1.0000000000
                            0.0000000000        0.0000000000
        0.6666270000        0.2818790000        0.0000000000        0.0000000000
                            0.0000000000        0.0000000000
        1.1782270000        0.0000000000        0.0000000000        0.0000000000
                            1.0000000000        0.0000000000
        1.3318160000        0.2428350000        0.0000000000        0.0000000000
                            0.0000000000        0.0000000000
        1.5899670000        0.0000000000        0.0000000000        0.0000000000
                            0.0000000000        1.0000000000
        2.6607610000        0.1611340000        0.0000000000        0.0000000000
                            0.0000000000        0.0000000000
        5.3157850000        0.0823080000        0.0000000000        0.0000000000
                            0.0000000000        0.0000000000
       10.6201080000        0.0398990000        0.0000000000        0.0000000000
                            0.0000000000        0.0000000000
       21.2173180000        0.0046790000        0.0000000000        0.0000000000
                            0.0000000000        0.0000000000
! d functions
H   4   4
        0.4011520000        1.0000000000        0.0000000000        0.0000000000
                            0.0000000000
        1.1745960000        0.0000000000        1.0000000000        0.0000000000
                            0.0000000000
        2.8239720000        0.0000000000        0.0000000000        1.0000000000
                            0.0000000000
        4.2924330000        0.0000000000        0.0000000000        0.0000000000
                            1.0000000000
! f functions
H   3   3
        0.7086660000        1.0000000000        0.0000000000        0.0000000000
        2.0067880000        0.0000000000        1.0000000000        0.0000000000
        3.2237210000        0.0000000000        0.0000000000        1.0000000000
! g functions
H   2   2
        1.2076570000        1.0000000000        0.0000000000
        3.5844950000        0.0000000000        1.0000000000
! h functions
H   1   1
        2.6158180000        1.0000000000
