! cc-pv5z-ecp-bfd
! s functions
H  13   5
        0.0747180000        0.1402250000        0.0000000000        0.0000000000
                            0.0000000000        0.0000000000
        0.0820920000        0.0000000000        1.0000000000        0.0000000000
                            0.0000000000        0.0000000000
        0.1608340000        0.5067460000        0.0000000000        0.0000000000
                            0.0000000000        0.0000000000
        0.1955250000        0.0000000000        0.0000000000        1.0000000000
                            0.0000000000        0.0000000000
        0.3462020000        0.4998930000        0.0000000000        0.0000000000
                            0.0000000000        0.0000000000
        0.4347670000        0.0000000000        0.0000000000        0.0000000000
                            1.0000000000        0.0000000000
        0.7452150000        0.0373010000        0.0000000000        0.0000000000
                            0.0000000000        0.0000000000
        1.0275730000        0.0000000000        0.0000000000        0.0000000000
                            0.0000000000        1.0000000000
        1.6041090000       -0.2845910000        0.0000000000        0.0000000000
                            0.0000000000        0.0000000000
        3.4529170000        0.0247660000        0.0000000000        0.0000000000
                            0.0000000000        0.0000000000
        7.4325610000        0.0017980000        0.0000000000        0.0000000000
                            0.0000000000        0.0000000000
       15.9989240000       -0.0003140000        0.0000000000        0.0000000000
                            0.0000000000        0.0000000000
       34.4384080000        0.0000880000        0.0000000000        0.0000000000
                            0.0000000000        0.0000000000
! p functions
H  13   5
        0.0502420000        0.0720950000        0.0000000000        0.0000000000
                            0.0000000000        0.0000000000
        0.0741590000        0.0000000000        1.0000000000        0.0000000000
                            0.0000000000        0.0000000000
        0.1023910000        0.2787350000        0.0000000000        0.0000000000
                            0.0000000000        0.0000000000
        0.1893820000        0.0000000000        0.0000000000        1.0000000000
                            0.0000000000        0.0000000000
        0.2086690000        0.4110340000        0.0000000000        0.0000000000
                            0.0000000000        0.0000000000
        0.4252560000        0.3047240000        0.0000000000        0.0000000000
                            0.0000000000        0.0000000000
        0.4707980000        0.0000000000        0.0000000000        0.0000000000
                            1.0000000000        0.0000000000
        0.8156770000        0.0000000000        0.0000000000        0.0000000000
                            0.0000000000        1.0000000000
        0.8666510000        0.0917270000        0.0000000000        0.0000000000
                            0.0000000000        0.0000000000
        1.7661910000       -0.0570600000        0.0000000000        0.0000000000
                            0.0000000000        0.0000000000
        3.5994100000       -0.0051030000        0.0000000000        0.0000000000
                            0.0000000000        0.0000000000
        7.3354180000        0.0003280000        0.0000000000        0.0000000000
                            0.0000000000        0.0000000000
       14.9492170000       -0.0000460000        0.0000000000        0.0000000000
                            0.0000000000        0.0000000000
! d functions
H   4   4
        0.1678000000        1.0000000000        0.0000000000        0.0000000000
                            0.0000000000
        0.4573070000        0.0000000000        1.0000000000        0.0000000000
                            0.0000000000
        1.0216500000        0.0000000000        0.0000000000        1.0000000000
                            0.0000000000
        1.5987200000        0.0000000000        0.0000000000        0.0000000000
                            1.0000000000
! f functions
H   3   3
        0.2147510000        1.0000000000        0.0000000000        0.0000000000
        0.4823800000        0.0000000000        1.0000000000        0.0000000000
        0.9849660000        0.0000000000        0.0000000000        1.0000000000
! g functions
H   2   2
        0.4064840000        1.0000000000        0.0000000000
        0.9245070000        0.0000000000        1.0000000000
! h functions
H   1   1
        0.8319130000        1.0000000000
