s, Ba, 7.6688270000, 5.8990980000, 4.5377680000, 1.9397670000, 0.4854160000, 0.3164380000, 0.1910010000, 0.0466020000, 0.0195860000, 0.0446720000
c, 1.9, 0.09990300, -0.53901400, 0.78988400, -0.91985300, 0.68541200, 0.35206900, 0.31311300, 0.01207100, 0.00019500
c, 1.9, -0.02068400, 0.14218600, -0.23588000, 0.32514600, -0.24173500, -0.36194700, -0.19515000, 0.85416200, 0.37237500
c, 1.9, -0.01821600, -0.08367000, 0.27498900, -0.55976800, 0.73977300, 1.06805900, -1.18390500, -1.68640200, 1.80745800
c, 1.9, -0.16013700, 0.13254100, 0.41313300, -1.48146600, 6.59308900, -5.74641300, -0.64904800, 2.27321900, -1.39193100
c, 10.10, 1.00000000
p, Ba, 5.7482160000, 4.3594940000, 2.6948110000, 2.0546880000, 1.3254760000, 0.5339330000, 0.2522340000, 0.1065790000, 0.1480230000
c, 1.8, -0.00782000, 0.02509800, 0.13014200, -0.37171000, 0.04556200, 0.51254900, 0.52204300, 0.11521200
c, 1.8, -0.07020800, 0.22838400, -1.01883900, 1.62201100, -0.72328400, -0.75993400, -0.10217200, 1.11637500
c, 1.8, -0.02000800, 0.10248600, -1.18451000, 2.48276600, -1.52519300, -1.79166700, 3.16354400, -1.69775700
c, 1.8, 0.44186800, -1.42280500, 6.53846300, -12.05191400, 10.22663100, -6.34362100, 4.04130200, -1.25355900
c, 9.9, 1.00000000
d, Ba, 1.2912370000, 0.6201180000, 0.2458940000, 0.1003780000, 0.0434710000, 0.0193660000, 0.0056140000, 0.2806880000
c, 1.7, -0.08152600, 0.24212200, 0.36323000, 0.36300100, 0.27946200, 0.08059800, 0.00149500
c, 1.7, -0.22638100, 0.92414700, 0.23804400, -0.42824800, -0.29457800, -0.09839300, 0.00052300
c, 1.7, 0.07335400, -1.37453400, 1.68584600, -0.48072900, -0.25494300, -0.15921200, 0.01218500
c, 8.8, 1.00000000
f, Ba, 0.7199400000
c, 1.1, 1.00000000
