s, Ca, 0.0263010000, 0.0266650000, 0.0677690000, 0.3011170000, 0.5646800000, 1.0345350000, 4.4517590000, 10.3663180000, 13.4773610000
c, 2.9, -0.06881200, 0.19584100, -0.49964300, 0.48682200, 0.48847500, 0.24869900, 0.01211000, 0.00028400
c, 2.9, 0.01569900, -0.04963500, 0.14543600, -0.14750200, -0.28857200, -0.17334800, 0.76259200, 0.41769100
c, 2.9, -0.00694800, 0.05697000, -0.26664200, 0.53776600, 0.55734600, -0.60038600, -1.66685800, 1.73009700
c, 2.9, 0.04428600, 0.05085600, -0.71213900, 3.41021800, -2.41935500, -1.06787600, 1.86002200, -1.14368600
c, 1.1, 1.00000000
p, Ca, 0.0277720000, 0.1765370000, 0.4218000000, 0.9187360000, 2.0446420000, 2.6657660000, 5.9006550000, 7.6756290000
c, 2.8, 0.02736200, -0.08448400, -0.07664900, 0.27640200, 0.45795600, 0.38699500, 0.08963500
c, 2.8, -0.00624300, 0.04831800, 0.50764800, -1.03601600, -0.31214900, 0.19013700, 0.85688000
c, 2.8, -0.14335700, 0.35739000, -0.23064000, -0.66955400, -0.48002800, 2.21338800, -1.59045600
c, 2.8, 0.05870900, 0.16590400, -0.84801600, -1.51912000, 4.06913200, -3.37644000, 1.23719700
c, 1.1, 1.00000000
d, Ca, 0.0327510000, 0.1008640000, 0.3017580000, 0.8488280000, 2.2390470000, 5.2629630000, 0.0537000000
c, 1.6, 0.04080500, 0.18071800, 0.29996800, 0.30686300, 0.37259800, 0.26873500
c, 1.6, 0.03823300, 0.38645100, 0.54122400, -0.14940000, -0.39834500, -0.27841500
c, 1.6, -0.00574400, -0.90768500, 0.50543100, 0.67670000, -0.40835500, -0.24254300
c, 7.7, 1.00000000
f, Ca, 0.1509000000
c, 1.1, 1.00000000
