s, Cu, 27.8467870000, 21.4206050000, 10.5372500000, 2.5355960000, 1.2496840000, 0.5998460000, 0.1155080000, 0.0401270000, 0.0200000000
c, 1.8, -0.01933700, 0.08861400, -0.35585900, 0.53808800, 0.51113700, 0.14764000, 0.00590500, 0.00016800
c, 1.8, -0.00265300, -0.00754200, 0.07975600, -0.15530100, -0.25307800, -0.02816800, 0.71236000, 0.38884700
c, 1.8, -0.10822500, 0.15509700, 0.15660600, -1.02506600, -0.11598500, 0.96366200, 0.81996900, -1.23059600
c, 1.8, 0.30835800, -0.49917200, -0.07519500, 2.51632100, -2.49295100, -0.13703000, 1.61315000, -1.23646500
c, 9.9, 1.00000000
p, Cu, 18.5940060000, 14.3030110000, 5.6314200000, 2.6830110000, 1.2585730000, 0.5740840000, 0.2092300000, 0.1050000000
c, 1.7, 0.00365200, -0.03707600, 0.21712000, 0.44097300, 0.35872300, 0.11484600, 0.00731600
c, 1.7, -0.00521200, 0.04711000, -0.33286300, -0.35736500, 0.14034100, 0.39893900, 0.41503300
c, 1.7, 0.00461700, -0.07899200, 0.65249900, 0.37941100, -0.90185200, -0.35123200, 0.46572100
c, 1.7, -0.09701200, 0.04113900, 1.37380700, -1.14673900, -0.89387800, 1.37992700, 0.24132200
c, 8.8, 1.00000000
d, Cu, 15.7872870000, 7.2032130000, 2.9736060000, 1.2070240000, 0.4640460000, 0.1610150000, 0.8000000000
c, 1.6, 0.08422200, 0.25543300, 0.34996600, 0.34167200, 0.24169700, 0.09258300
c, 1.6, -0.10353300, -0.35809500, -0.34731800, 0.19930200, 0.49417500, 0.34190000
c, 1.6, 0.10724400, 0.49724700, 0.01663800, -0.88857900, 0.06260400, 0.70156700
c, 7.7, 1.00000000
f, Cu, 6.0615460000, 1.6923300000
c, 2.2, 1.00000000
c, 1.1, 1.00000000
g, Cu, 4.6638320000
c, 1.1, 1.00000000
