s, Sc, 14.3400600000, 11.0308160000, 4.9560520000, 1.2484200000, 0.6257360000, 0.3089620000, 0.0680060000, 0.0269680000, 0.0135000000
c, 1.8, -0.07803100, 0.22915900, -0.55601000, 0.51341400, 0.55632200, 0.18493400, 0.01055100, 0.00096300
c, 1.8, 0.01517700, -0.05188900, 0.14905100, -0.13940700, -0.32175500, -0.09973100, 0.76194900, 0.37113800
c, 1.8, 0.00359700, -0.09856800, 0.50658200, -1.24784600, -0.40492800, 1.40257600, 0.68412900, -1.27878100
c, 1.8, 0.07940700, -0.00090800, -0.68828200, 3.36598300, -3.45938600, 0.23268400, 2.05046700, -1.87119200
c, 9.9, 1.00000000
p, Sc, 8.0733160000, 6.2086100000, 2.6391560000, 2.0259780000, 0.9481290000, 0.4377840000, 0.1827290000, 0.0900000000
c, 1.7, 0.03577200, -0.11213400, -0.01798500, 0.30503200, 0.46336400, 0.33359600, 0.06534700
c, 1.7, -0.04037100, 0.11832100, -0.01737500, -0.33842500, -0.38367700, 0.29055600, 0.20359000
c, 1.7, -0.05579300, 0.19005000, 0.16431600, -1.13365600, -0.03734100, 1.02294800, 0.37881500
c, 1.7, -0.08107000, 0.37855900, -1.34315000, -0.45580000, 2.06060700, -0.26604900, -1.76200400
c, 8.8, 1.00000000
d, Sc, 5.7914470000, 2.6481000000, 1.1040760000, 0.4363010000, 0.1627240000, 0.0568420000, 0.0280000000
c, 1.6, 0.04525700, 0.20061000, 0.30567000, 0.35671500, 0.32352800, 0.14942700
c, 1.6, -0.03340000, -0.33241300, -0.46111400, 0.07036200, 0.46014100, 0.36039200
c, 1.6, 0.01869000, -0.55695300, -0.16837000, 0.89519800, -0.04813600, -0.61540700
c, 7.7, 1.00000000
f, Sc, 2.1170170000, 0.6547000000
c, 2.2, 1.00000000
c, 1.1, 1.00000000
g, Sc, 1.8920140000
c, 1.1, 1.00000000
