s, Ti, 15.2199330000, 11.6996080000, 5.6878900000, 1.3362880000, 0.6244740000, 0.2958080000, 0.0764360000, 0.0294250000, 0.0150000000
c, 1.8, -0.07326500, 0.23554100, -0.55053600, 0.59415500, 0.54087000, 0.11204500, 0.00747600, 0.00255000
c, 1.8, 0.01345000, -0.05226400, 0.14621300, -0.17566900, -0.32864100, -0.04092600, 0.73259600, 0.40204000
c, 1.8, -0.03175200, -0.04762300, 0.46705700, -1.44196000, 0.06402900, 1.24794100, 0.43924200, -1.07183400
c, 1.8, 0.21832000, -0.24757400, -0.44635000, 3.08241400, -3.76279300, 0.83408000, 1.74508700, -1.60935800
c, 9.9, 1.00000000
p, Ti, 10.3791180000, 7.9839370000, 6.1414900000, 2.3036890000, 1.0717530000, 0.4898800000, 0.2032400000, 0.1000000000
c, 1.7, 0.02013900, -0.04171300, -0.05534800, 0.30288000, 0.46905600, 0.32153700, 0.05982300
c, 1.7, -0.02672700, 0.06291000, 0.03027700, -0.36039800, -0.35174700, 0.28549500, 0.20920000
c, 1.7, -0.02719600, 0.04696300, 0.13291700, -0.96748900, -0.04957000, 1.03237100, 0.33963900
c, 1.7, -0.45448100, 1.48315000, -1.15111600, -1.51335600, 2.25035400, -0.35375000, -1.72493200
c, 8.8, 1.00000000
d, Ti, 6.4900860000, 2.9819390000, 1.2531230000, 0.5084290000, 0.1962580000, 0.0704700000, 0.0350000000
c, 1.6, 0.05909600, 0.22661200, 0.32316800, 0.35496100, 0.28547500, 0.11471100
c, 1.6, -0.05040200, -0.33553000, -0.40075600, 0.08391900, 0.47806900, 0.37674200
c, 1.6, -0.01322000, -0.58416200, -0.11354600, 0.89800000, -0.07993200, -0.60252300
c, 7.7, 1.00000000
f, Ti, 2.4605910000, 0.7339340000
c, 2.2, 1.00000000
c, 1.1, 1.00000000
g, Ti, 2.1767220000
c, 1.1, 1.00000000
