s, V, 0.0160000000, 0.0319520000, 0.0846850000, 0.3497410000, 0.7288300000, 1.5287870000, 6.3900460000, 11.5774610000, 18.3602980000
c, 2.9, -0.02321200, 0.20028800, -0.55432000, 0.56528300, 0.54347400, 0.13498900, 0.00803900, 0.00229300
c, 2.9, 0.00287300, -0.04391100, 0.14414800, -0.16582300, -0.31375600, -0.05569900, 0.71731200, 0.41676300
c, 2.9, -0.03181900, -0.04602900, 0.46269300, -1.44243300, -0.00027700, 1.28751600, 0.43152700, -1.04271500
c, 2.9, 0.12235000, -0.17215900, -0.40441500, 3.03392900, -3.60559200, 0.68049400, 1.78974200, -1.63710000
c, 1.1, 1.00000000
p, V, 0.1000000000, 0.2063090000, 0.4926800000, 1.0494920000, 2.1824110000, 4.7728970000, 6.1740000000, 13.8832640000
c, 2.8, 0.00364800, -0.17504600, 0.15547300, 0.34659400, 0.44341000, 0.26380300, 0.04282600
c, 2.8, -0.00425800, 0.18613200, -0.19214500, -0.38447700, -0.23216700, 0.30353700, 0.26462000
c, 2.8, 0.00715900, -0.38285800, 0.41800400, 0.93486600, -0.28778200, -0.92782300, -0.14924800
c, 2.8, -0.02942800, 1.27925400, -1.98826200, -0.56929000, 2.09059300, -0.73430100, -1.40538800
c, 1.1, 1.00000000
d, V, 0.0400000000, 0.0814660000, 0.2237220000, 0.5714720000, 1.3987210000, 3.3503550000, 7.3841960000
c, 2.7, 0.06759300, 0.24680200, 0.33640400, 0.34934800, 0.26010700, 0.09633400
c, 2.7, -0.06394200, -0.34802300, -0.36660900, 0.11693900, 0.48892000, 0.36476200
c, 2.7, -0.04470900, -0.59734300, -0.03396000, 0.88231700, -0.12993900, -0.58776900
c, 1.1, 1.00000000
f, V, 0.8500840000, 2.8908230000
c, 1.1, 1.00000000
c, 2.2, 1.00000000
g, V, 2.4171180000
c, 1.1, 1.00000000
