BASIS "ao basis" PRINT
H s
        0.0130000000     0.00070600
        0.0299000000    -0.00211900
        0.0687700000     0.05769300
        0.1581700000     0.23069500
        0.3637920000     0.27761200
        0.8367210000     0.16983300
        1.9244580000     0.09744300
        4.4262540000     0.02996600
       10.1803850000    -0.00045200
H s
        0.1704830000     1.00000000
H s
        0.0297400000     1.00000000
H p
        0.0030000000     0.00124200
        0.0078000000    -0.00091300
        0.0202810000    -0.00005400
        0.0527300000    -0.00023800
        0.1370970000    -0.01153000
        0.3564510000    -0.01823500
        0.9267740000    -0.01392900
        2.4096120000    -0.00939500
        6.2649910000    -0.00034700
H p
        0.1410000000     1.00000000
END
