S  9
  1        0.0455180000     0.20619300
  2        0.1003080000     0.55988700
  3        0.2210510000     0.40785200
  4        0.4871320000    -0.04109800
  5        1.0735000000    -0.23865200
  6        2.3656860000     0.03813200
  7        5.2132940000    -0.00393500
  8       11.4886060000     0.00047000
  9       25.3175970000    -0.00001400
S  1
  1        0.0643030000     1.00000000
S  1
  1        0.3710090000     1.00000000
S  1
  1        0.0221000000     1.00000000
P  9
  1        0.0148480000     0.00993200
  2        0.0309670000     0.16021200
  3        0.0645860000     0.38917100
  4        0.1347000000     0.37323500
  5        0.2809320000     0.19580000
  6        0.5859130000     0.02294700
  7        1.2219850000    -0.05329300
  8        2.5485780000     0.00484600
  9        5.3153300000    -0.00072600
P  1
  1        0.0356070000     1.00000000
P  1
  1        0.0908010000     1.00000000
P  1
  1        0.0146000000     1.00000000
D  1
  1        0.1155400000     1.00000000
D  1
  1        0.3590820000     1.00000000
D  1
  1        0.0356000000     1.00000000
F  1
  1        0.2548380000     1.00000000
F  1
  1        0.0858000000     1.00000000

