S  9
  1        0.1299110000     0.18345300
  2        0.2822200000     0.59601600
  3        0.6130980000     0.50641000
  4        1.3319010000    -0.15092600
  5        2.8934370000    -0.42361100
  6        6.2857350000     0.16264400
  7       13.6552030000    -0.02328400
  8       29.6647190000     0.00315700
  9       64.4439730000    -0.00042200
S  1
  1        0.1793490000     1.00000000
S  1
  1        0.7554360000     1.00000000
S  1
  1        0.0519850000     1.00000000
P  9
  1        0.0793140000     0.09670500
  2        0.1672160000     0.31256700
  3        0.3525390000     0.44823700
  4        0.7432520000     0.29864000
  5        1.5669880000    -0.00364100
  6        3.3036590000    -0.13879800
  7        6.9650550000     0.02998900
  8       14.6843250000    -0.00257800
  9       30.9587480000     0.00020500
P  1
  1        0.0946850000     1.00000000
P  1
  1        0.1899910000     1.00000000
P  1
  1        0.0400330000     1.00000000
D  1
  1        0.2797310000     1.00000000
D  1
  1        0.6753470000     1.00000000
D  1
  1        0.1257000000     1.00000000
F  1
  1        0.6856390000     1.00000000
F  1
  1        0.3280000000     1.00000000

