S  9
  1        0.0101250000     0.00784100
  2        0.0234370000     0.25811800
  3        0.0542510000     0.42330700
  4        0.1255810000     0.16782500
  5        0.2906970000    -0.06833200
  6        0.6729090000    -0.11926900
  7        1.5576590000     0.00773600
  8        3.6056890000     0.00363000
  9        8.3464940000    -0.00064600
S  1
  1        0.0261700000     1.00000000
S  1
  1        0.1322590000     1.00000000
S  1
  1        0.0076000000     1.00000000
P  9
  1        0.0183000000    -0.00590600
  2        0.0316990000    -0.03142200
  3        0.0549080000    -0.04362800
  4        0.0951110000    -0.01678100
  5        0.1647510000    -0.07859400
  6        0.2853790000     0.01556200
  7        0.4943300000    -0.03083000
  8        0.8562730000     0.00618500
  9        1.4832250000    -0.00862100
P  1
  1        0.0529590000     1.00000000
P  1
  1        0.1100750000     1.00000000
P  1
  1        0.0091000000     1.00000000
D  1
  1        0.0677950000     1.00000000
D  1
  1        0.1771400000     1.00000000
D  1
  1        0.0371000000     1.00000000
F  1
  1        0.1807580000     1.00000000
F  1
  1        0.0816000000     1.00000000

