S  9
  1        0.0309750000     0.16529000
  2        0.0629590000     0.50627200
  3        0.1279700000     0.33319700
  4        0.2601110000     0.05748200
  5        0.5287000000    -0.13761400
  6        1.0746300000    -0.13537800
  7        2.1842850000     0.04831000
  8        4.4397590000    -0.00531200
  9        9.0242170000     0.00046500
S  1
  1        0.1534530000     1.00000000
S  1
  1        0.6739600000     1.00000000
S  1
  1        0.0129000000     1.00000000
P  9
  1        0.0470550000     1.50203800
  2        0.0832530000    -1.43394400
  3        0.1472980000     1.31898700
  4        0.2606110000    -0.74112400
  5        0.4610940000     0.43630000
  6        0.8158030000    -0.24379800
  7        1.4433830000     0.08677400
  8        2.5537450000    -0.02867700
  9        4.5182860000     0.00608500
P  1
  1        0.1269170000     1.00000000
P  1
  1        1.1189650000     1.00000000
P  1
  1        0.0074500000     1.00000000
D  1
  1        0.0957340000     1.00000000
D  1
  1        0.2745720000     1.00000000
D  1
  1        0.0468000000     1.00000000
F  1
  1        0.1485190000     1.00000000
F  1
  1        0.0940000000     1.00000000

