s, Rb, 9.7672250000, 7.5132500000, 2.6942940000, 0.6333890000, 0.4090500000, 0.2016570000, 0.0346400000, 0.0151890000, 0.3989620000
c, 1.8, -0.07235800, 0.17948800, -0.49964500, 0.41475700, 0.49908100, 0.31928000, 0.00569400, -0.00142400
c, 1.8, 0.01604300, -0.04233200, 0.13285900, -0.12900500, -0.20441600, -0.19919500, 0.75068500, 0.38818600
c, 1.8, -0.08588900, 0.23867800, -0.86748400, 3.59929400, -1.87920200, -1.29502600, 0.24426400, 0.24344400
c, 9.9, 1.00000000
p, Rb, 6.3434770000, 4.8795980000, 3.1318680000, 1.2461990000, 0.6498130000, 0.2926120000, 0.1222570000, 0.2488100000
c, 1.7, 0.01266800, 0.01058700, -0.14638300, 0.08886500, 0.44367000, 0.48334600, 0.13756300
c, 1.7, 0.02880300, -0.14577700, 0.40347600, -0.50389200, -0.93916700, 0.70979300, 0.56364300
c, 1.7, 0.03247600, 0.03907500, -0.48670900, 1.55677600, -0.31692800, -1.80246600, 1.53844100
c, 8.8, 1.00000000
d, Rb, 3.6344790000, 0.6363220000, 0.1923120000, 0.0520880000, 0.0162870000, 0.0053440000, 0.3765070000
c, 1.6, -0.00283500, 0.09534900, 0.12183100, 0.29496000, 0.63514100, 0.19006000
c, 1.6, -0.01826400, 0.87035800, 0.20274200, -0.10352600, -0.15698700, -0.05426500
c, 7.7, 1.00000000
