s, Sr, 12.5379260000, 9.6445590000, 7.4188910000, 3.1061160000, 0.7314070000, 0.4217680000, 0.2361980000, 0.0573800000, 0.0232480000, 0.0185360000
c, 1.9, 0.05601900, -0.31955900, 0.49689700, -0.69352100, 0.55991500, 0.47648800, 0.23915300, 0.01027000, 0.00044400
c, 1.9, -0.00964500, 0.07466000, -0.13387200, 0.22148100, -0.17848200, -0.36748300, -0.14388800, 0.81974900, 0.37844300
c, 1.9, -0.01605900, -0.03628200, 0.16287500, -0.40386300, 0.65731800, 0.72503600, -0.86406900, -1.61434400, 1.74125800
c, 10.10, 1.00000000
p, Sr, 8.0313000000, 6.1697120000, 4.7374470000, 2.5573800000, 1.9589050000, 0.7559190000, 0.3460620000, 0.1443930000, 0.2068370000
c, 1.8, -0.02737500, 0.13445100, -0.14144600, -0.28823400, 0.25148900, 0.48483700, 0.47892300, 0.11611300
c, 1.8, -0.07656300, 0.26011600, -0.36152600, 1.22316800, -1.15074100, -0.64849700, 0.00539800, 1.02707300
c, 1.8, 0.05426200, -0.23323400, 0.16625900, 1.43343700, -1.74915500, -1.30430000, 2.78781300, -1.63728100
c, 9.9, 1.00000000
d, Sr, 2.5974860000, 2.2590680000, 0.8519140000, 0.3744110000, 0.1510680000, 0.0588480000, 0.0222100000, 0.4346020000
c, 1.7, -0.12324900, 0.13147800, 0.18393600, 0.25913100, 0.32463900, 0.37768700, 0.19854600
c, 1.7, -0.39396800, 0.42114100, 0.66709300, 0.28396800, -0.24814600, -0.33220700, -0.17366000
c, 8.8, 1.00000000
