BASIS "ao basis" PRINT
Ba s
        0.0195860000     0.09990300    -0.02068400    -0.01821600    -0.16013700
        0.0466020000    -0.53901400     0.14218600    -0.08367000     0.13254100
        0.1910010000     0.78988400    -0.23588000     0.27498900     0.41313300
        0.3164380000    -0.91985300     0.32514600    -0.55976800    -1.48146600
        0.4854160000     0.68541200    -0.24173500     0.73977300     6.59308900
        1.9397670000     0.35206900    -0.36194700     1.06805900    -5.74641300
        4.5377680000     0.31311300    -0.19515000    -1.18390500    -0.64904800
        5.8990980000     0.01207100     0.85416200    -1.68640200     2.27321900
        7.6688270000     0.00019500     0.37237500     1.80745800    -1.39193100
Ba s
        0.0446720000     1.00000000
Ba p
        0.1065790000    -0.00782000    -0.07020800    -0.02000800     0.44186800
        0.2522340000     0.02509800     0.22838400     0.10248600    -1.42280500
        0.5339330000     0.13014200    -1.01883900    -1.18451000     6.53846300
        1.3254760000    -0.37171000     1.62201100     2.48276600   -12.05191400
        2.0546880000     0.04556200    -0.72328400    -1.52519300    10.22663100
        2.6948110000     0.51254900    -0.75993400    -1.79166700    -6.34362100
        4.3594940000     0.52204300    -0.10217200     3.16354400     4.04130200
        5.7482160000     0.11521200     1.11637500    -1.69775700    -1.25355900
Ba p
        0.1480230000     1.00000000
Ba d
        0.0056140000    -0.08152600    -0.22638100     0.07335400
        0.0193660000     0.24212200     0.92414700    -1.37453400
        0.0434710000     0.36323000     0.23804400     1.68584600
        0.1003780000     0.36300100    -0.42824800    -0.48072900
        0.2458940000     0.27946200    -0.29457800    -0.25494300
        0.6201180000     0.08059800    -0.09839300    -0.15921200
        1.2912370000     0.00149500     0.00052300     0.01218500
Ba d
        0.2806880000     1.00000000
Ba f
        0.7199400000     1.00000000
END
