BASIS "ao basis" PRINT
Be s
        0.0327800000     0.03182200     0.37171400     1.88835000
        0.0737760000    -0.28469200    -1.46004000    -6.87687800
        0.1786400000     0.13429300     1.12592600     6.62348400
        0.7915420000     0.44771300     1.59804500    -1.83689500
        1.1267660000     0.50130100    -1.30667100    -0.30081700
        1.5349460000     0.14384500    -0.32823900     1.03572600
Be s
        0.0589000000     1.00000000
Be p
        0.1951000000     0.02910500
        0.7110000000     0.16946600
        3.6190000000     0.51296900
Be p
        0.0601800000     1.00000000
Be d
        0.2380000000     1.00000000
END
