BASIS "ao basis" PRINT
Co s
        0.0380330000    -0.00747400    -0.00043900    -0.03377000     0.08958100
        0.1069620000     0.21193600    -0.04088700     0.00326000    -0.21783700
        0.5162180000    -0.53326300     0.12385600     0.31415600    -0.22294500
        1.0885800000     0.53447100    -0.14878600    -1.17980200     2.57592800
        2.2518710000     0.53675000    -0.27917300    -0.11834700    -2.60891600
        9.7696450000     0.14804400    -0.04066700     1.12277500    -0.03227500
       14.9380110000     0.00697500     0.70785300     0.64561600     1.75258900
       27.9365220000     0.00121300     0.40521900    -1.13467300    -1.41373500
Co s
        0.0190000000     1.00000000
Co p
        0.2053540000     0.01761700    -0.01314600     0.01881100     0.10486900
        0.5166780000    -0.06724200     0.05939300    -0.10863200    -0.04414100
        1.0758320000     0.25378100    -0.31513800     0.71676000    -1.50767800
        2.1726000000     0.41178600    -0.30817900     0.36904700     1.32932700
        4.4091540000     0.34158300     0.06233500    -0.84282500     0.86508800
       12.5457010000     0.12717300     0.34059100    -0.48473600    -1.27443700
       16.3101720000     0.01132000     0.41307400     0.34259300    -0.48683000
Co p
        0.1000000000     1.00000000
Co d
        0.1294960000     0.08323100    -0.09357000    -0.10673400
        0.3667140000     0.26568600    -0.35201000    -0.53376600
        0.9417920000     0.34394200    -0.32626600     0.01571100
        2.2898430000     0.33678400     0.15593900     0.81693800
        5.4420770000     0.23921300     0.49477900    -0.10444800
       11.5210320000     0.08803900     0.34699400    -0.59562500
Co d
        0.0650000000     1.00000000
Co f
        1.3238640000     1.00000000
Co f
        4.7943960000     1.00000000
Co g
        3.9122600000     1.00000000
END
