BASIS "ao basis" PRINT
Fe s
        0.0369020000    -0.01031800     0.00034100    -0.03096700     0.42996800
        0.1024890000     0.23036400    -0.04764600    -0.03419200    -1.78654400
        0.4711510000    -0.56655100     0.13646500     0.38344300     1.48264100
        0.9934980000     0.54443700    -0.15337100    -1.25919200     2.68400400
        2.0683500000     0.54000100    -0.28855500    -0.09891300    -6.15249000
        9.0077940000     0.14311500    -0.04421200     1.19432100     4.80662100
       14.0377550000     0.00738600     0.70476800     0.55502400    -2.13483100
       25.8826570000     0.00186900     0.41540700    -1.07756300     0.80572800
Fe s
        0.0175000000     1.00000000
Fe p
        0.2104420000     0.00722300    -0.00556000     0.00818500     0.03753300
        0.5147430000    -0.07031500     0.06350600    -0.12534800     0.08980500
        1.0644940000     0.22916100    -0.27695600     0.65718600    -1.56959700
        2.1179620000     0.39319900    -0.32147900     0.50590800     1.10686100
        4.1832890000     0.36159600    -0.00480800    -0.77375700     1.12915700
       10.4506530000     0.15413900     0.33083300    -0.59277900    -1.16799800
       16.6593890000     0.01649800     0.35709500     0.18531500    -0.79549900
Fe p
        0.1050000000     1.00000000
Fe d
        0.1169260000     0.08159100    -0.08650000    -0.10142400
        0.3284850000     0.26319000    -0.33973800    -0.54849200
        0.8405650000     0.34285600    -0.32888200    -0.00209100
        2.0398270000     0.33832600     0.13002500     0.82845700
        4.8411510000     0.24073000     0.49494100    -0.08820600
       10.2324130000     0.08837500     0.36593300    -0.59095800
Fe d
        0.0580000000     1.00000000
Fe f
        1.3404070000     1.00000000
Fe f
        4.5024100000     1.00000000
Fe g
        3.5995620000     1.00000000
END
