BASIS "ao basis" PRINT
Li s
        0.0217680000     0.00588700     0.02156800    -0.03084600
        0.0488740000    -0.05775100    -0.16253900     0.24303700
        0.1103130000    -0.11178900     0.00023100     0.30433800
        0.3092510000     0.36160500     0.10430300    -3.80073400
        0.7259950000    -0.24155400     2.11228800     5.12301100
        1.8659900000     1.02790200    -1.97480300    -2.22475600
Li s
        0.0280500000     1.00000000
Li p
        0.0736200000     0.02278600
        0.2749000000     0.13910200
        1.5340000000     0.50037500
Li p
        0.0240300000     1.00000000
Li d
        0.1239000000     1.00000000
END
