BASIS "ao basis" PRINT
Ni s
       30.2582900000    -0.00675400    -0.00071100    -0.02886700     0.07723200
       15.3295620000     0.28578200    -0.05282500    -0.02689400    -0.17244100
       10.8273400000    -0.61727500     0.13423500     0.32531200    -0.28565300
        2.5295400000     0.52868700    -0.13534000    -1.01783800     2.48355100
        1.2126110000     0.54665100    -0.27602500    -0.26304400    -2.23691000
        0.5699300000     0.15330000    -0.04176200     1.07819200    -0.30958100
        0.1115950000     0.00635700     0.71205800     0.76849800     1.73193600
        0.0392140000     0.00055900     0.39518600    -1.21836700    -1.35458600
Ni p
       17.5429470000     0.01855400    -0.01062500     0.00932800    -0.14275900
       13.4934070000    -0.06983700     0.05665600    -0.09478500     0.10386900
        4.6763870000     0.28270300    -0.34902600     0.76726900     1.48555500
        2.2624850000     0.42248900    -0.28217300     0.26483800    -1.47053700
        1.1049510000     0.32585400     0.09404200    -0.87927200    -0.66879200
        0.5244220000     0.10766900     0.36437300    -0.39137800     1.30868400
        0.2010130000     0.00807600     0.42811700     0.41676800     0.31602700
Ni p
        0.1000000000     1.00000000
Ni d
       12.2263190000     0.08367700    -0.09797700    -0.11248700
        5.8657280000     0.27447300    -0.36484300    -0.53371600
        2.4987310000     0.34229700    -0.31173500     0.04923200
        1.0327770000     0.33191000     0.17370900     0.80061900
        0.4025470000     0.23493700     0.49541800    -0.11329000
        0.1415170000     0.08659000     0.33545900    -0.59973300
Ni d
        0.0700000000     1.00000000
Ni f
        1.4671980000     1.00000000
Ni f
        5.3121510000     1.00000000
Ni g
        4.3942730000     1.00000000
END
