BASIS "ao basis" PRINT
Rb s
        0.0151890000    -0.07235800     0.01604300    -0.08588900    -0.64025900
        0.0346400000     0.17948800    -0.04233200     0.23867800     0.89278800
        0.2016570000    -0.49964500     0.13285900    -0.86748400     0.24355200
        0.4090500000     0.41475700    -0.12900500     3.59929400    -8.46625100
        0.6333890000     0.49908100    -0.20441600    -1.87920200    12.43545100
        2.6942940000     0.31928000    -0.19919500    -1.29502600    -5.24496200
        7.5132500000     0.00569400     0.75068500     0.24426400     0.39030000
        9.7672250000    -0.00142400     0.38818600     0.24344400     0.24203100
Rb s
        0.3989620000     1.00000000
Rb p
        0.1222570000     0.01266800     0.02880300     0.03247600    -0.39037300
        0.2926120000     0.01058700    -0.14577700     0.03907500     0.79458000
        0.6498130000    -0.14638300     0.40347600    -0.48670900     0.01915400
        1.2461990000     0.08886500    -0.50389200     1.55677600    -3.70453600
        3.1318680000     0.44367000    -0.93916700    -0.31692800     5.63647500
        4.8795980000     0.48334600     0.70979300    -1.80246600    -3.97668100
        6.3434770000     0.13756300     0.56364300     1.53844100     1.52590500
Rb p
        0.2488100000     1.00000000
Rb d
        0.0053440000    -0.00283500    -0.01826400    -0.07694200
        0.0162870000     0.09534900     0.87035800    -0.84040100
        0.0520880000     0.12183100     0.20274200     1.31437200
        0.1923120000     0.29496000    -0.10352600    -0.34332200
        0.6363220000     0.63514100    -0.15698700    -0.03132300
        3.6344790000     0.19006000    -0.05426500    -0.09335200
Rb d
        0.3765070000     1.00000000
Rb f
        0.8216370000     1.00000000
END
