BASIS "ao basis" PRINT
Sr s
       12.5379260000     0.05601900    -0.00964500    -0.01605900    -0.12513400
        9.6445590000    -0.31955900     0.07466000    -0.03628200     0.15643500
        7.4188910000     0.49689700    -0.13387200     0.16287500     0.21370300
        3.1061160000    -0.69352100     0.22148100    -0.40386300    -1.06127400
        0.7314070000     0.55991500    -0.17848200     0.65731800     4.35965000
        0.4217680000     0.47648800    -0.36748300     0.72503600    -3.46714200
        0.2361980000     0.23915300    -0.14388800    -0.86406900    -0.89133000
        0.0573800000     0.01027000     0.81974900    -1.61434400     2.08603200
        0.0232480000     0.00044400     0.37844300     1.74125800    -1.28299800
Sr s
        0.0185360000     1.00000000
Sr p
        8.0313000000    -0.02737500    -0.07656300     0.05426200     0.44389000
        6.1697120000     0.13445100     0.26011600    -0.23323400    -1.45769500
        4.7374470000    -0.14144600    -0.36152600     0.16625900     1.80878900
        2.5573800000    -0.28823400     1.22316800     1.43343700    -7.12006300
        1.9589050000     0.25148900    -1.15074100    -1.74915500     9.46435300
        0.7559190000     0.48483700    -0.64849700    -1.30430000    -5.40925900
        0.3460620000     0.47892300     0.00539800     2.78781300     3.64744500
        0.1443930000     0.11611300     1.02707300    -1.63728100    -1.20065200
Sr p
        0.2068370000     1.00000000
Sr d
        2.5974860000    -0.12324900    -0.39396800     1.63052300
        2.2590680000     0.13147800     0.42114100    -2.01722700
        0.8519140000     0.18393600     0.66709300    -0.67601600
        0.3744110000     0.25913100     0.28396800     1.14722400
        0.1510680000     0.32463900    -0.24814600     0.05130000
        0.0588480000     0.37768700    -0.33220700    -0.34539900
        0.0222100000     0.19854600    -0.17366000    -0.20731600
Sr d
        0.4346020000     1.00000000
Sr f
        0.9882860000     1.00000000
END
