S  9
  1        0.1473470000     0.15547300
  2        0.3121640000     0.49461700
  3        0.6613390000     0.52670500
  4        1.4010900000     0.02198600
  5        2.9683010000    -0.33853300
  6        6.2885390000     0.05602300
  7       13.3226770000    -0.00011500
  8       28.2249560000    -0.00059500
  9       59.7964020000     0.00012700
S  1
  1        0.2287400000     1.00000000
S  1
  1        1.1916300000     1.00000000
P  9
  1        0.0905800000     0.07910100
  2        0.1880850000     0.26071800
  3        0.3905480000     0.39506500
  4        0.8109530000     0.33495400
  5        1.6839020000     0.10746200
  6        3.4965350000    -0.07365700
  7        7.2603710000    -0.00140700
  8       15.0757810000     0.00171000
  9       31.3040690000    -0.00027500
P  1
  1        0.1383380000     1.00000000
P  1
  1        0.3801890000     1.00000000
D  1
  1        0.4257790000     1.00000000
D  1
  1        1.3708590000     1.00000000
F  1
  1        0.9299310000     1.00000000

