S  9
  1        0.0822480000     0.28238600
  2        0.1644900000     0.59349400
  3        0.3289680000     0.42421600
  4        0.6579120000     0.03847200
  5        1.3157770000    -0.99922700
  6        2.6314620000     0.59847200
  7        5.2627390000    -0.16039400
  8       10.5251070000     0.03046500
  9       21.0494730000    -0.00416800
S  1
  1        0.1068210000     1.00000000
S  1
  1        0.3026850000     1.00000000
P  9
  1        0.0447930000     0.14366400
  2        0.0872890000     0.34715300
  3        0.1701040000     0.46013000
  4        0.3314900000     0.21092200
  5        0.6459880000     0.00517500
  6        1.2588660000    -0.29326100
  7        2.4532070000     0.13104700
  8        4.7806710000    -0.02539400
  9        9.3163010000     0.00289300
P  1
  1        0.4181670000     1.00000000
P  1
  1        0.0807490000     1.00000000
D  1
  1        0.2026070000     1.00000000
D  1
  1        0.7744120000     1.00000000
F  1
  1        0.2564490000     1.00000000

