S  9
  1        0.1146260000     0.19983200
  2        0.2530240000     0.60580600
  3        0.5585200000     0.48641400
  4        1.2328660000    -0.20896400
  5        2.7214030000    -0.32844800
  6        6.0071710000     0.11847100
  7       13.2601090000    -0.01311200
  8       29.2701000000     0.00120600
  9       64.6102340000    -0.00012100
S  1
  1        0.1544010000     1.00000000
S  1
  1        0.6606180000     1.00000000
P  9
  1        0.0679900000     0.10799200
  2        0.1455070000     0.33186000
  3        0.3114030000     0.44287100
  4        0.6664410000     0.28325600
  5        1.4262670000    -0.02604500
  6        3.0523890000    -0.11132300
  7        6.5324940000     0.02171200
  8       13.9803530000    -0.00118800
  9       29.9197030000     0.00002200
P  1
  1        0.0786550000     1.00000000
P  1
  1        0.1640430000     1.00000000
D  1
  1        0.2349800000     1.00000000
D  1
  1        0.5680170000     1.00000000
F  1
  1        0.5557110000     1.00000000

