S  9
  1       45.8866140000     0.21323000
  2       20.2606870000     0.60557000
  3        8.9458640000     0.41344200
  4        3.9499400000    -0.10635600
  5        1.7440490000    -0.36457900
  6        0.7700640000     0.12744800
  7        0.3400130000    -0.01716600
  8        0.1501280000     0.00245400
  9        0.0662870000    -0.00035500
S  1
  1        0.0910490000     1.00000000
S  1
  1        0.4456760000     1.00000000
P  9
  1       20.4378730000     0.09868000
  2        9.2668920000     0.37229000
  3        4.2017720000     0.44383600
  4        1.9051570000     0.23258500
  5        0.8638320000     0.00005800
  6        0.3916770000    -0.10828200
  7        0.1775930000     0.02189400
  8        0.0805240000    -0.00191100
  9        0.0365110000     0.00018100
P  1
  1        0.0404120000     1.00000000
P  1
  1        0.0924500000     1.00000000
D  1
  1        0.1301470000     1.00000000
D  1
  1        0.3238260000     1.00000000
F  1
  1        0.3528140000     1.00000000

