S  9
  1       43.2649190000     0.06726600
  2       20.2302460000     0.33429000
  3        9.4594620000     0.45425700
  4        4.4231500000     0.26786100
  5        2.0682210000     0.00024800
  6        0.9670800000    -0.13260600
  7        0.4521970000     0.01443700
  8        0.2114430000     0.00035900
  9        0.0988690000    -0.00009400
S  1
  1        1.2021830000     1.00000000
S  1
  1        0.1632430000     1.00000000
P  9
  1       18.1406570000     0.03575800
  2        9.1077390000     0.15394500
  3        4.5726520000     0.27765600
  4        2.2957560000     0.29767600
  5        1.1526120000     0.23440300
  6        0.5786830000     0.14032100
  7        0.2905350000     0.06721900
  8        0.1458670000     0.03159400
  9        0.0732340000     0.00330100
P  1
  1        0.1701040000     1.00000000
P  1
  1        0.5175470000     1.00000000
D  1
  1        0.4835670000     1.00000000
D  1
  1        1.7124160000     1.00000000
F  1
  1        1.0930970000     1.00000000

