S  9
  1        0.2058350000     0.05751400
  2        0.3913840000     0.21577600
  3        0.7441960000     0.37479900
  4        1.4150480000     0.32631300
  5        2.6906380000     0.16638300
  6        5.1161030000    -0.03914900
  7        9.7279940000    -0.08590900
  8       18.4972560000     0.00681600
  9       35.1715340000     0.00020600
S  1
  1        0.3177670000     1.00000000
S  1
  1        0.5345570000     1.00000000
P  9
  1        0.1217720000     0.02994300
  2        0.2382480000     0.11420000
  3        0.4661360000     0.21961800
  4        0.9120020000     0.26886400
  5        1.7843440000     0.25693200
  6        3.4910950000     0.19137800
  7        6.8303780000     0.11217600
  8       13.3637320000     0.06331700
  9       26.1463320000     0.00805700
P  1
  1        0.2946650000     1.00000000
P  1
  1        0.9621260000     1.00000000
D  1
  1        1.1340630000     1.00000000
D  1
  1        4.1614370000     1.00000000
F  1
  1        2.5567510000     1.00000000

