S  9
  1        0.0621450000     0.34200000
  2        0.1238480000     0.54508100
  3        0.2468130000     0.34953200
  4        0.4918660000     0.19196200
  5        0.9802260000    -1.13334900
  6        1.9534650000     0.66732200
  7        3.8930070000    -0.18340200
  8        7.7582670000     0.03608900
  9       15.4612380000    -0.00504800
S  1
  1        0.0686750000     1.00000000
S  1
  1        0.2243210000     1.00000000
P  9
  1        0.0268020000     0.84951400
  2        0.0545800000    -0.19393000
  3        0.1111480000     0.48000000
  4        0.2263440000    -0.01456300
  5        0.4609330000     0.09964500
  6        0.9386560000    -0.20229400
  7        1.9115050000     0.08057700
  8        3.8926390000    -0.01663100
  9        7.9270750000     0.00232100
P  1
  1        0.0280460000     1.00000000
P  1
  1        0.1414240000     1.00000000
D  1
  1        0.1490510000     1.00000000
D  1
  1        0.5947490000     1.00000000
F  1
  1        0.2316180000     1.00000000

