s, Al, 0.0455180000, 0.1003080000, 0.2210510000, 0.4871320000, 1.0735000000, 2.3656860000, 5.2132940000, 11.4886060000, 25.3175970000, 0.0221000000, 0.0643030000, 0.3710090000
c, 1.9, 0.20619300, 0.55988700, 0.40785200, -0.04109800, -0.23865200, 0.03813200, -0.00393500, 0.00047000, -0.00001400
c, 11.11, 1.00000000
c, 12.12, 1.00000000
c, 10.10, 1.00000000
p, Al, 0.0148480000, 0.0309670000, 0.0645860000, 0.1347000000, 0.2809320000, 0.5859130000, 1.2219850000, 2.5485780000, 5.3153300000, 0.0146000000, 0.0356070000, 0.0908010000
c, 1.9, 0.00993200, 0.16021200, 0.38917100, 0.37323500, 0.19580000, 0.02294700, -0.05329300, 0.00484600, -0.00072600
c, 11.11, 1.00000000
c, 12.12, 1.00000000
c, 10.10, 1.00000000
d, Al, 0.0356000000, 0.1155400000, 0.3590820000
c, 2.2, 1.00000000
c, 3.3, 1.00000000
c, 1.1, 1.00000000
f, Al, 0.0858000000, 0.2548380000
c, 2.2, 1.00000000
c, 1.1, 1.00000000
