s, Br, 0.1146260000, 0.2530240000, 0.5585200000, 1.2328660000, 2.7214030000, 6.0071710000, 13.2601090000, 29.2701000000, 64.6102340000, 0.0455930000, 0.1544010000, 0.6606180000
c, 1.9, 0.19983200, 0.60580600, 0.48641400, -0.20896400, -0.32844800, 0.11847100, -0.01311200, 0.00120600, -0.00012100
c, 11.11, 1.00000000
c, 12.12, 1.00000000
c, 10.10, 1.00000000
p, Br, 0.0679900000, 0.1455070000, 0.3114030000, 0.6664410000, 1.4262670000, 3.0523890000, 6.5324940000, 13.9803530000, 29.9197030000, 0.0351420000, 0.0786550000, 0.1640430000
c, 1.9, 0.10799200, 0.33186000, 0.44287100, 0.28325600, -0.02604500, -0.11132300, 0.02171200, -0.00118800, 0.00002200
c, 11.11, 1.00000000
c, 12.12, 1.00000000
c, 10.10, 1.00000000
d, Br, 0.1047000000, 0.2349800000, 0.5680170000
c, 2.2, 1.00000000
c, 3.3, 1.00000000
c, 1.1, 1.00000000
f, Br, 0.2580000000, 0.5557110000
c, 2.2, 1.00000000
c, 1.1, 1.00000000
