s, F, 0.1727230000, 0.3648750000, 0.7707950000, 1.6282950000, 3.4397570000, 7.2664510000, 15.3503000000, 32.4273480000, 68.5024330000, 0.0915800000, 0.3277120000, 2.2897950000
c, 1.9, 0.07024000, 0.31108800, 0.44467500, 0.28701100, 0.01875900, -0.12860800, 0.00910400, 0.00081000, -0.00013300
c, 12.12, 1.00000000
c, 11.11, 1.00000000
c, 10.10, 1.00000000
p, F, 0.1010010000, 0.2044140000, 0.4137070000, 0.8372890000, 1.6945650000, 3.4295800000, 6.9410260000, 14.0477370000, 28.4307990000, 0.0736100000, 0.2436600000, 0.8041810000
c, 1.9, 0.03532100, 0.13692400, 0.24935300, 0.28662000, 0.25454100, 0.16957200, 0.08854200, 0.03984300, 0.00337800
c, 11.11, 1.00000000
c, 12.12, 1.00000000
c, 10.10, 1.00000000
d, F, 0.2920000000, 0.9007630000, 3.2974250000
c, 2.2, 1.00000000
c, 3.3, 1.00000000
c, 1.1, 1.00000000
f, F, 0.7240000000, 1.8592740000
c, 2.2, 1.00000000
c, 1.1, 1.00000000
