****
Ar     0
S   9   1.00
        0.1473470000     0.15547300
        0.3121640000     0.49461700
        0.6613390000     0.52670500
        1.4010900000     0.02198600
        2.9683010000    -0.33853300
        6.2885390000     0.05602300
       13.3226770000    -0.00011500
       28.2249560000    -0.00059500
       59.7964020000     0.00012700
S   1   1.00
        0.1960240000     1.00000000
S   1   1.00
        0.5400610000     1.00000000
S   1   1.00
        1.0203480000     1.00000000
S   1   1.00
        0.0610000000     1.00000000
P   9   1.00
        0.0905800000     0.07910100
        0.1880850000     0.26071800
        0.3905480000     0.39506500
        0.8109530000     0.33495400
        1.6839020000     0.10746200
        3.4965350000    -0.07365700
        7.2603710000    -0.00140700
       15.0757810000     0.00171000
       31.3040690000    -0.00027500
P   1   1.00
        0.1407010000     1.00000000
P   1   1.00
        1.6043000000     1.00000000
P   1   1.00
        0.3677380000     1.00000000
P   1   1.00
        0.0435000000     1.00000000
D   1   1.00
        0.3041030000     1.00000000
D   1   1.00
        0.7604640000     1.00000000
D   1   1.00
        1.9009440000     1.00000000
D   1   1.00
        0.1160000000     1.00000000
F   1   1.00
        0.5836280000     1.00000000
F   1   1.00
        1.4805070000     1.00000000
F   1   1.00
        0.2940000000     1.00000000
G   1   1.00
        1.0308240000     1.00000000
G   1   1.00
        0.4590000000     1.00000000
****
