S  9
  1        3.2548520000     0.02510500
  2        1.8122900000     0.17889000
  3        1.0090770000     0.26393900
  4        0.5618500000     0.43594600
  5        0.3128360000    -0.00818800
  6        0.1741860000     0.04950900
  7        0.0969860000    -0.11457600
  8        0.0540020000    -0.06720700
  9        0.0300680000     0.01725000
S  1
  1        0.0122870000     1.00000000
S  1
  1        0.1753410000     1.00000000
S  1
  1        1.2443980000     1.00000000
P  9
  1        2.5311390000     0.73505200
  2        1.3339670000    -0.47621400
  3        0.7030300000     0.56480600
  4        0.3705130000    -0.10857500
  5        0.1952690000     0.23386200
  6        0.1029110000    -0.00900300
  7        0.0542360000     0.06751000
  8        0.0285840000    -0.00286800
  9        0.0150640000     0.01786900
P  1
  1        0.3170610000     1.00000000
P  1
  1        1.5857390000     1.00000000
P  1
  1        0.1083460000     1.00000000
D  1
  1        0.1252280000     1.00000000
D  1
  1        0.8010650000     1.00000000
D  1
  1        0.3016560000     1.00000000
F  1
  1        0.1534390000     1.00000000
F  1
  1        0.3775360000     1.00000000
G  1
  1        0.3388010000     1.00000000

