S  9
  1        0.0513440000     0.01399100
  2        0.1026190000     0.16985200
  3        0.2051000000     0.39752900
  4        0.4099240000     0.38036900
  5        0.8192970000     0.18011300
  6        1.6374940000    -0.03351200
  7        3.2727910000    -0.12149900
  8        6.5411870000     0.01517600
  9       13.0735940000    -0.00070500
S  1
  1        0.1095760000     1.00000000
S  1
  1        0.8468790000     1.00000000
S  1
  1        0.2696590000     1.00000000
P  9
  1        0.0292810000     0.00178700
  2        0.0585470000     0.05042600
  3        0.1170630000     0.19163400
  4        0.2340640000     0.30266700
  5        0.4680030000     0.28986800
  6        0.9357570000     0.21097900
  7        1.8710160000     0.11202400
  8        3.7410350000     0.05442500
  9        7.4800760000     0.02193100
P  1
  1        0.1053890000     1.00000000
P  1
  1        0.3132540000     1.00000000
P  1
  1        0.8046810000     1.00000000
D  1
  1        0.2401710000     1.00000000
D  1
  1        0.6848840000     1.00000000
D  1
  1        2.0137600000     1.00000000
F  1
  1        0.4573020000     1.00000000
F  1
  1        1.3249300000     1.00000000
G  1
  1        1.0341800000     1.00000000

