S  9
  1       53.8662260000     0.14891700
  2       25.1058120000     0.50361600
  3       11.7012430000     0.52399500
  4        5.4536810000     0.01361200
  5        2.5418360000    -0.32884600
  6        1.1846910000     0.05630900
  7        0.5521570000    -0.00130100
  8        0.2573480000    -0.00029400
  9        0.1199440000     0.00007600
S  1
  1        0.1615940000     1.00000000
S  1
  1        0.4401110000     1.00000000
S  1
  1        0.8489280000     1.00000000
P  9
  1       26.5811650000     0.08492500
  2       12.7476510000     0.27065800
  3        6.1134500000     0.39602200
  4        2.9318550000     0.32432500
  5        1.4060430000     0.10066100
  6        0.6743030000    -0.06980200
  7        0.3233780000    -0.00095100
  8        0.1550840000     0.00150100
  9        0.0743740000    -0.00024900
P  1
  1        0.1113090000     1.00000000
P  1
  1        1.2868810000     1.00000000
P  1
  1        0.2894030000     1.00000000
D  1
  1        0.2530630000     1.00000000
D  1
  1        0.6425890000     1.00000000
D  1
  1        1.6547170000     1.00000000
F  1
  1        0.4481750000     1.00000000
F  1
  1        1.1898070000     1.00000000
G  1
  1        0.8483070000     1.00000000

