S  9
  1        9.0242170000     0.16529000
  2        4.4397590000     0.50627200
  3        2.1842850000     0.33319700
  4        1.0746300000     0.05748200
  5        0.5287000000    -0.13761400
  6        0.2601110000    -0.13537800
  7        0.1279700000     0.04831000
  8        0.0629590000    -0.00531200
  9        0.0309750000     0.00046500
S  1
  1        0.0233780000     1.00000000
S  1
  1        0.1881410000     1.00000000
S  1
  1        0.6162050000     1.00000000
P  9
  1        4.5182860000     1.50203800
  2        2.5537450000    -1.43394400
  3        1.4433830000     1.31898700
  4        0.8158030000    -0.74112400
  5        0.4610940000     0.43630000
  6        0.2606110000    -0.24379800
  7        0.1472980000     0.08677400
  8        0.0832530000    -0.02867700
  9        0.0470550000     0.00608500
P  1
  1        0.0891670000     1.00000000
P  1
  1        0.2092100000     1.00000000
P  1
  1        0.8468590000     1.00000000
D  1
  1        0.0955260000     1.00000000
D  1
  1        0.7340890000     1.00000000
D  1
  1        0.2332220000     1.00000000
F  1
  1        0.1270250000     1.00000000
F  1
  1        0.3049070000     1.00000000
G  1
  1        0.1922720000     1.00000000

