S  9
  1       10.2268160000     0.20011800
  2        4.4465330000     0.46765200
  3        1.9333150000     0.22773800
  4        0.8405890000    -0.06158100
  5        0.3654810000    -0.13753300
  6        0.1589080000     0.00332300
  7        0.0690920000     0.00374100
  8        0.0300410000    -0.00111700
  9        0.0130610000     0.00024400
S  1
  1        0.0649150000     1.00000000
S  1
  1        1.1344580000     1.00000000
S  1
  1        0.7710460000     1.00000000
P  9
  1        5.4126170000    -0.00284000
  2        2.0818470000     0.00534000
  3        0.8007380000    -0.02593600
  4        0.3079870000    -0.05346600
  5        0.1184610000    -0.05369100
  6        0.0455630000     0.01443900
  7        0.0175250000     0.00619900
  8        0.0067410000    -0.00102600
  9        0.0025930000     0.00016800
P  1
  1        0.0596620000     1.00000000
P  1
  1        0.0967140000     1.00000000
P  1
  1        0.5529760000     1.00000000
D  1
  1        0.0469170000     1.00000000
D  1
  1        0.8138680000     1.00000000
D  1
  1        0.1277800000     1.00000000
F  1
  1        0.1299920000     1.00000000
F  1
  1        0.6264290000     1.00000000
G  1
  1        0.5887780000     1.00000000

