S  9
  1       35.1715340000     0.05751400
  2       18.4972560000     0.21577600
  3        9.7279940000     0.37479900
  4        5.1161030000     0.32631300
  5        2.6906380000     0.16638300
  6        1.4150480000    -0.03914900
  7        0.7441960000    -0.08590900
  8        0.3913840000     0.00681600
  9        0.2058350000     0.00020600
S  1
  1        0.3991860000     1.00000000
S  1
  1        1.6584020000     1.00000000
S  1
  1        2.2611590000     1.00000000
P  9
  1       26.1463320000     0.02994300
  2       13.3637320000     0.11420000
  3        6.8303780000     0.21961800
  4        3.4910950000     0.26886400
  5        1.7843440000     0.25693200
  6        0.9120020000     0.19137800
  7        0.4661360000     0.11217600
  8        0.2382480000     0.06331700
  9        0.1217720000     0.00805700
P  1
  1        0.2452150000     1.00000000
P  1
  1        0.7573420000     1.00000000
P  1
  1        1.9383760000     1.00000000
D  1
  1        0.7381310000     1.00000000
D  1
  1        2.1887510000     1.00000000
D  1
  1        6.1702240000     1.00000000
F  1
  1        1.5899860000     1.00000000
F  1
  1        4.8494020000     1.00000000
G  1
  1        3.2287930000     1.00000000

