S  9
  1       54.7752160000     0.05574100
  2       25.6168010000     0.30484800
  3       11.9802450000     0.45375200
  4        5.6028180000     0.29592600
  5        2.6202770000     0.01956700
  6        1.2254290000    -0.12862700
  7        0.5730980000     0.01202400
  8        0.2680220000     0.00040700
  9        0.1253460000    -0.00007600
S  1
  1        0.2243800000     1.00000000
S  1
  1        0.8431570000     1.00000000
S  1
  1        1.3517710000     1.00000000
P  9
  1       21.2173180000     0.04495800
  2       10.6201080000     0.15017500
  3        5.3157850000     0.25599900
  4        2.6607610000     0.28187900
  5        1.3318160000     0.24283500
  6        0.6666270000     0.16113400
  7        0.3336730000     0.08230800
  8        0.1670170000     0.03989900
  9        0.0835980000     0.00467900
P  1
  1        0.1485620000     1.00000000
P  1
  1        0.4523640000     1.00000000
P  1
  1        1.1067370000     1.00000000
D  1
  1        0.4557110000     1.00000000
D  1
  1        1.3443310000     1.00000000
D  1
  1        4.0088670000     1.00000000
F  1
  1        0.8762890000     1.00000000
F  1
  1        2.7631150000     1.00000000
G  1
  1        1.7590810000     1.00000000

