S  9
  1       39.9506560000     0.14007400
  2       18.7766230000     0.49094200
  3        8.8249260000     0.51529700
  4        4.1476740000     0.05032000
  5        1.9493880000    -0.29890800
  6        0.9162030000     0.01982700
  7        0.4306110000     0.00726600
  8        0.2023850000    -0.00160200
  9        0.0951200000     0.00027100
S  1
  1        0.1237590000     1.00000000
S  1
  1        0.3155870000     1.00000000
S  1
  1        0.6519050000     1.00000000
P  9
  1       16.4779790000     0.08193800
  2        8.1163070000     0.25182600
  3        3.9977260000     0.37634400
  4        1.9690990000     0.32090200
  5        0.9698890000     0.14377900
  6        0.4777230000    -0.04554300
  7        0.2353050000    -0.01719100
  8        0.1159010000     0.00258000
  9        0.0570870000    -0.00022200
P  1
  1        0.0787170000     1.00000000
P  1
  1        0.2027070000     1.00000000
P  1
  1        0.3013330000     1.00000000
D  1
  1        0.2157010000     1.00000000
D  1
  1        0.5606380000     1.00000000
D  1
  1        1.5882040000     1.00000000
F  1
  1        0.3565540000     1.00000000
F  1
  1        0.9618260000     1.00000000
G  1
  1        0.6948030000     1.00000000

