S  9
  1        0.0101250000     0.00784100
  2        0.0234370000     0.25811800
  3        0.0542510000     0.42330700
  4        0.1255810000     0.16782500
  5        0.2906970000    -0.06833200
  6        0.6729090000    -0.11926900
  7        1.5576590000     0.00773600
  8        3.6056890000     0.00363000
  9        8.3464940000    -0.00064600
S  1
  1        0.0248340000     1.00000000
S  1
  1        0.1097700000     1.00000000
S  1
  1        0.5196930000     1.00000000
S  1
  1        0.0063600000     1.00000000
P  9
  1        0.0183000000    -0.00590600
  2        0.0316990000    -0.03142200
  3        0.0549080000    -0.04362800
  4        0.0951110000    -0.01678100
  5        0.1647510000    -0.07859400
  6        0.2853790000     0.01556200
  7        0.4943300000    -0.03083000
  8        0.8562730000     0.00618500
  9        1.4832250000    -0.00862100
P  1
  1        0.0706620000     1.00000000
P  1
  1        0.1158230000     1.00000000
P  1
  1        0.2075050000     1.00000000
P  1
  1        0.0075600000     1.00000000
D  1
  1        0.0298170000     1.00000000
D  1
  1        0.0893530000     1.00000000
D  1
  1        0.2149900000     1.00000000
D  1
  1        0.0266000000     1.00000000
F  1
  1        0.0999300000     1.00000000
F  1
  1        0.2403230000     1.00000000
F  1
  1        0.0552000000     1.00000000
G  1
  1        0.1995700000     1.00000000
G  1
  1        0.1050000000     1.00000000

