BASIS "ao basis" PRINT
Ca s
       13.4773610000    -0.06881200     0.01569900    -0.00694800     0.04428600    -0.92172700
       10.3663180000     0.19584100    -0.04963500     0.05697000     0.05085600     1.42099200
        4.4517590000    -0.49964300     0.14543600    -0.26664200    -0.71213900    -0.25794500
        1.0345350000     0.48682200    -0.14750200     0.53776600     3.41021800    -5.48514900
        0.5646800000     0.48847500    -0.28857200     0.55734600    -2.41935500    11.03696400
        0.3011170000     0.24869900    -0.17334800    -0.60038600    -1.06787600    -7.47378300
        0.0677690000     0.01211000     0.76259200    -1.66685800     1.86002200     2.50656000
        0.0266650000     0.00028400     0.41769100     1.73009700    -1.14368600    -1.14632700
Ca s
        0.0263010000     1.00000000
Ca p
        7.6756290000     0.02736200    -0.00624300    -0.14335700     0.05870900    -0.46909900
        5.9006550000    -0.08448400     0.04831800     0.35739000     0.16590400     0.13681000
        2.6657660000    -0.07664900     0.50764800    -0.23064000    -0.84801600    11.93506600
        2.0446420000     0.27640200    -1.03601600    -0.66955400    -1.51912000   -15.50665600
        0.9187360000     0.45795600    -0.31214900    -0.48002800     4.06913200     6.74360200
        0.4218000000     0.38699500     0.19013700     2.21338800    -3.37644000    -3.35792200
        0.1765370000     0.08963500     0.85688000    -1.59045600     1.23719700     0.94616900
Ca p
        0.0277720000     1.00000000
Ca d
        5.2629630000     0.04080500     0.03823300    -0.00574400    -0.14879900
        2.2390470000     0.18071800     0.38645100    -0.90768500    -0.74024500
        0.8488280000     0.29996800     0.54122400     0.50543100     1.36124200
        0.3017580000     0.30686300    -0.14940000     0.67670000    -0.98597200
        0.1008640000     0.37259800    -0.39834500    -0.40835500    -0.14312200
        0.0327510000     0.26873500    -0.27841500    -0.24254300     0.65166800
Ca d
        0.0537000000     1.00000000
Ca f
        0.4883000000     1.00000000
Ca f
        0.1165000000     1.00000000
Ca g
        0.1466000000     1.00000000
END
