BASIS "ao basis" PRINT
Cr s
        0.0339370000    -0.01832500     0.00233500    -0.03665500     0.12984000     0.63975700
        0.0915280000     0.20195600    -0.04570600    -0.02992600    -0.23528600    -1.92126900
        0.3744160000    -0.53623100     0.14040300     0.42309200    -0.27722700     1.48959200
        0.7872880000     0.56644300    -0.17403700    -1.49975100     2.93446900     2.33328100
        1.6494210000     0.53235500    -0.30390100     0.16570500    -3.64983600    -5.96346200
        7.3544680000     0.12701900    -0.04200700     1.21004900     0.80011500     5.18838000
       12.6598460000     0.00769400     0.70558900     0.38688600     1.69729600    -2.79575900
       20.8735220000     0.00290100     0.42451200    -0.99632100    -1.56265100     1.35465700
Cr s
        0.0170000000     1.00000000
Cr p
        0.2100590000     0.00192700    -0.00231900     0.00405300    -0.00879500     0.06725900
        0.5013160000    -0.10167700     0.10504000    -0.20832000     0.47721400     0.23259900
        1.0575190000     0.14732600    -0.18535900     0.41223200    -1.52074300    -2.57372800
        2.1589330000     0.36387500    -0.39992600     0.83658700     0.05153600     3.55490500
        4.4099550000     0.42081300    -0.13292800    -0.52318500     1.84734400    -1.41544300
        7.5104900000     0.22347700     0.33869400    -0.79162500    -0.96467800    -1.41503800
       18.1219910000     0.03191400     0.26172300    -0.06759900    -1.21077500     2.67186100
Cr p
        0.1050000000     1.00000000
Cr d
        0.0980840000     0.07466800    -0.07749700    -0.06532500    -0.23882800
        0.2699350000     0.24453800    -0.34449600    -0.56764800    -0.85432900
        0.6848560000     0.33766800    -0.36218600    -0.03810500     1.38514700
        1.6586410000     0.34756600     0.12885400     0.87306600    -0.32799400
        3.9514500000     0.25531900     0.49041400    -0.11779400    -0.73887200
        8.4302200000     0.09337300     0.35775600    -0.59783000     0.65151900
Cr d
        0.0490000000     1.00000000
Cr f
        0.5504200000     1.00000000
Cr f
        1.7435250000     1.00000000
Cr f
        4.4864050000     1.00000000
Cr g
        1.4559870000     1.00000000
Cr g
        3.9451200000     1.00000000
Cr h
        3.1644560000     1.00000000
END
