BASIS "ao basis" PRINT
Cu s
       27.8467870000    -0.01933700    -0.00265300    -0.10822500     0.30835800     1.27915600
       21.4206050000     0.08861400    -0.00754200     0.15509700    -0.49917200    -2.31825600
       10.5372500000    -0.35585900     0.07975600     0.15660600    -0.07519500     1.38361600
        2.5355960000     0.53808800    -0.15530100    -1.02506600     2.51632100     2.29554800
        1.2496840000     0.51113700    -0.25307800    -0.11598500    -2.49295100    -5.77923200
        0.5998460000     0.14764000    -0.02816800     0.96366200    -0.13703000     4.42043200
        0.1155080000     0.00590500     0.71236000     0.81996900     1.61315000    -1.71033400
        0.0401270000     0.00016800     0.38884700    -1.23059600    -1.23646500     0.55264700
Cu s
        0.0200000000     1.00000000
Cu p
       18.5940060000     0.00365200    -0.00521200     0.00461700    -0.09701200     0.77445900
       14.3030110000    -0.03707600     0.04711000    -0.07899200     0.04113900    -1.22468200
        5.6314200000     0.21712000    -0.33286300     0.65249900     1.37380700    -1.16382900
        2.6830110000     0.44097300    -0.35736500     0.37941100    -1.14673900     3.27350900
        1.2585730000     0.35872300     0.14034100    -0.90185200    -0.89387800    -2.92033800
        0.5740840000     0.11484600     0.39893900    -0.35123200     1.37992700     0.71464700
        0.2092300000     0.00731600     0.41503300     0.46572100     0.24132200     1.30441400
Cu p
        0.1050000000     1.00000000
Cu d
       15.7872870000     0.08422200    -0.10353300     0.10724400    -0.22091400
        7.2032130000     0.25543300    -0.35809500     0.49724700    -0.73579200
        2.9736060000     0.34996600    -0.34731800     0.01663800     1.07301200
        1.2070240000     0.34167200     0.19930200    -0.88857900     0.35316400
        0.4640460000     0.24169700     0.49417500     0.06260400    -0.58149300
        0.1610150000     0.09258300     0.34190000     0.70156700     0.74843900
Cu d
        0.8000000000     1.00000000
Cu f
        8.5126090000     1.00000000
Cu f
        3.0335260000     1.00000000
Cu f
        0.9385280000     1.00000000
Cu g
        2.2105680000     1.00000000
Cu g
        6.5520080000     1.00000000
Cu h
        5.0528630000     1.00000000
END
