BASIS "ao basis" PRINT
Mg s
        1.4782600000     0.04428800     0.12566500     0.00824100    -2.11822700
        0.7302450000    -0.30245300    -0.85667400    -1.11836000     5.08860200
        0.3102230000     0.11508300     1.20515700     3.29508000    -3.57990700
        0.0920310000     0.66535400     1.22308100    -4.23765900     0.84028100
        0.0433350000     0.34130800    -1.73456300     2.59064000     1.05435800
        0.0196670000     0.05569500     0.02226600    -0.07014500    -1.14070300
Mg s
        0.0399900000     1.00000000
Mg p
        1.1524820000    -0.03307300    -0.09181300    -0.55049500
        0.4806210000    -0.14337500    -0.49334600     1.99900800
        0.2841940000     0.31604300     1.77270500    -0.43051900
        0.1149040000     0.55758500    -0.35822600    -2.36454200
        0.0604920000     0.30361400    -0.75145900     1.90725900
        0.0181830000     0.02191400    -0.03598500    -0.03675900
Mg d
        0.1367000000     1.00000000
Mg d
        0.0636000000     1.00000000
Mg f
        0.1397000000     1.00000000
END
