BASIS "ao basis" PRINT
Mn s
       23.6450680000    -0.01465900     0.00161300    -0.04062300     0.16222900     0.70407100
       13.4620290000     0.22366100    -0.04759900    -0.04571600    -0.40978200    -2.59844500
        8.2126290000    -0.56453500     0.13657000     0.50479700    -0.08904300     2.37683600
        1.8599430000     0.55460000    -0.16062400    -1.83186000     3.10576200     1.39197200
        0.8897540000     0.53453600    -0.26448900     0.49161200    -4.48453500    -4.71769700
        0.4225600000     0.14276600    -0.06059300     1.19346900     1.70816000     4.52233400
        0.0974550000     0.00477000     0.63313600     0.12445200     1.30789700    -2.92799200
        0.0355950000     0.00044100     0.49000300    -0.71666900    -1.49014600     1.87538800
Mn s
        0.0180000000     1.00000000
Mn p
       17.8033170000     0.00317100    -0.00408000     0.00503000     0.01489900    -0.20241100
        8.8349950000    -0.08006000     0.11701100    -0.15679500     0.22557600     0.50184400
        4.1613400000     0.18573500    -0.36162700     0.60267900    -1.78437500     1.81905100
        2.1291960000     0.37536700    -0.56350800     0.51360900     1.17507300    -4.08596100
        1.0637130000     0.38862400     0.10239500    -0.90821500     1.19112700     3.04118600
        0.5101410000     0.19245000     0.57135600    -0.41814600    -1.32779100    -0.10711700
        0.2113020000     0.02614600     0.31004600     0.37129600    -0.56736500    -1.91674200
Mn p
        0.1050000000     1.00000000
Mn d
        9.2537360000     0.07628500    -0.08587400    -0.09163300    -0.23221400
        4.3630160000     0.24772200    -0.35443600    -0.58505800    -0.80228300
        1.8348210000     0.33005000    -0.36144700     0.04740300     1.32879000
        0.7561180000     0.33451800     0.12662900     0.83953100    -0.31055200
        0.2960920000     0.26354500     0.48140200    -0.13876500    -0.74404100
        0.1061250000     0.11824100     0.34789700    -0.54489000     0.60814700
Mn d
        0.0500000000     1.00000000
Mn f
        0.6052630000     1.00000000
Mn f
        1.9034580000     1.00000000
Mn f
        4.9999380000     1.00000000
Mn g
        1.6017120000     1.00000000
Mn g
        4.4049810000     1.00000000
Mn h
        3.5841820000     1.00000000
END
