BASIS "ao basis" PRINT
Na s
        1.4782600000     0.01654300     0.04747600    -0.14115900     0.52546100
        0.7302450000    -0.07030200    -0.20313700     0.62495000    -2.55155900
        0.3102230000    -0.11252300    -0.05470200    -0.30518400     4.75540800
        0.0920310000     0.24949000     0.30586700    -3.42799600    -5.89206500
        0.0433350000    -0.04953600     1.91320500     5.15741400     5.13283500
        0.0196670000     0.91901100    -1.94217200    -2.32356300    -1.74837600
Na s
        0.0230700000     1.00000000
Na p
        1.1911760000     0.00809800     0.04000900     0.04937300
        0.6882750000    -0.04655000    -0.17429900    -0.31616400
        0.1583080000    -0.00961700     0.29730900     3.09676800
        0.0944230000     0.24470900     1.05492100    -3.10969000
        0.0362690000     0.61774300    -0.69332100     0.14576600
        0.0147480000     0.25106800    -0.36085900     0.65165700
Na d
        0.1367000000     1.00000000
Na d
        0.0636000000     1.00000000
Na f
        0.1397000000     1.00000000
END
