BASIS "ao basis" PRINT
Sc s
        0.0269680000    -0.07803100     0.01517700     0.00359700     0.07940700     1.05009100
        0.0680060000     0.22915900    -0.05188900    -0.09856800    -0.00090800    -1.66463800
        0.3089620000    -0.55601000     0.14905100     0.50658200    -0.68828200     0.45279200
        0.6257360000     0.51341400    -0.13940700    -1.24784600     3.36598300     3.86914100
        1.2484200000     0.55632200    -0.32175500    -0.40492800    -3.45938600    -7.98444500
        4.9560520000     0.18493400    -0.09973100     1.40257600     0.23268400     5.94460500
       11.0308160000     0.01055100     0.76194900     0.68412900     2.05046700    -2.85557900
       14.3400600000     0.00096300     0.37113800    -1.27878100    -1.87119200     1.64722700
Sc s
        0.0135000000     1.00000000
Sc p
        0.1827290000     0.03577200    -0.04037100    -0.05579300    -0.08107000    -0.23971100
        0.4377840000    -0.11213400     0.11832100     0.19005000     0.37855900    -0.02733000
        0.9481290000    -0.01798500    -0.01737500     0.16431600    -1.34315000     6.55441600
        2.0259780000     0.30503200    -0.33842500    -1.13365600    -0.45580000    -7.04268600
        2.6391560000     0.46336400    -0.38367700    -0.03734100     2.06060700     0.11104800
        6.2086100000     0.33359600     0.29055600     1.02294800    -0.26604900     2.55316800
        8.0733160000     0.06534700     0.20359000     0.37881500    -1.76200400    -3.02206100
Sc p
        0.0900000000     1.00000000
Sc d
        0.0568420000     0.04525700    -0.03340000     0.01869000    -0.09611500
        0.1627240000     0.20061000    -0.33241300    -0.55695300    -1.07089200
        0.4363010000     0.30567000    -0.46111400    -0.16837000     1.33754700
        1.1040760000     0.35671500     0.07036200     0.89519800    -0.18263100
        2.6481000000     0.32352800     0.46014100    -0.04813600    -0.75113900
        5.7914470000     0.14942700     0.36039200    -0.61540700     0.63183900
Sc d
        0.0280000000     1.00000000
Sc f
        0.3507750000     1.00000000
Sc f
        2.7509700000     1.00000000
Sc f
        1.1519580000     1.00000000
Sc g
        1.0860400000     1.00000000
Sc g
        2.7091300000     1.00000000
Sc h
        2.1879000000     1.00000000
END
