BASIS "ao basis" PRINT
Zn s
        0.0510680000    -0.03547600    -0.00504800     0.21544300     0.78703000     3.21422100
        0.1483370000     0.36838100    -0.05238600    -0.42447000    -1.86824600    -8.89676100
        0.4678520000    -0.61361300     0.12879600     0.06204700     0.89040000     6.27434300
        1.1848130000     0.61315900    -0.19510600     0.88330700     2.17077900     1.00790800
        2.6773760000     0.52010600    -0.27756200    -0.19846000    -2.19425700    -3.78636700
       13.1998350000     0.06482000    -0.00617500    -0.48800300    -0.37022600     4.14389200
       17.1597850000    -0.00300700     0.71431800    -0.98038100     1.61022300    -2.43465000
       22.3077210000     0.00237200     0.42500300     1.12614000    -0.78010500     0.54052100
Zn s
        0.0250000000     1.00000000
Zn p
        0.2761130000     0.01514700    -0.00891300     0.00283700     0.12293600    -0.78349500
        0.6999050000    -0.05982100     0.05673200    -0.07661500    -0.07515000     1.16535900
        1.4495590000     0.24879700    -0.37836400     0.68470100    -1.44023800     1.42309200
        2.9113050000     0.40592600    -0.32373700     0.34158700     1.25000200    -3.72549900
        5.8849050000     0.34442600     0.12026500    -0.83288600     0.85595400     3.04988300
       16.4936750000     0.13262700     0.39062800    -0.41576200    -1.11335900    -0.26949300
       21.4425210000     0.01144000     0.31721700     0.24366200    -0.78107000    -1.79306000
Zn p
        0.1400000000     1.00000000
Zn d
        0.2267360000     0.06964800    -0.09663400    -0.09193400    -0.19953800
        0.6183500000     0.25445000    -0.39429500    -0.58269300    -0.75542600
        1.5225080000     0.33189500    -0.36814600     0.11568800     1.16148600
        3.5615450000     0.33679200     0.22592500     0.87356300    -0.08994700
        8.0761030000     0.24970200     0.51869500    -0.28710900    -0.90798000
       16.4234950000     0.09243100     0.25116100    -0.55212400     0.60773500
Zn d
        0.1140000000     1.00000000
Zn f
        1.1003640000     1.00000000
Zn f
        3.4493490000     1.00000000
Zn f
        9.1187260000     1.00000000
Zn g
        2.4589360000     1.00000000
Zn g
        7.1979130000     1.00000000
Zn h
        5.7100680000     1.00000000
END
