s, H, 0.0130000000, 0.0299000000, 0.0687700000, 0.1581700000, 0.3637920000, 0.8367210000, 1.9244580000, 4.4262540000, 10.1803850000, 0.0207000000, 0.1223440000, 0.4028920000, 0.7150470000, 1.3798380000
c, 1.9, 0.00070600, -0.00211900, 0.05769300, 0.23069500, 0.27761200, 0.16983300, 0.09744300, 0.02996600, -0.00045200
c, 11.11, 1.00000000
c, 12.12, 1.00000000
c, 13.13, 1.00000000
c, 14.14, 1.00000000
c, 10.10, 1.00000000
p, H, 0.0030000000, 0.0078000000, 0.0202810000, 0.0527300000, 0.1370970000, 0.3564510000, 0.9267740000, 2.4096120000, 6.2649910000, 0.0744000000, 0.1736060000, 0.5136650000, 0.7847650000
c, 1.9, 0.00124200, -0.00091300, -0.00005400, -0.00023800, -0.01153000, -0.01823500, -0.01392900, -0.00939500, -0.00034700
c, 13.13, 1.00000000
c, 11.11, 1.00000000
c, 12.12, 1.00000000
c, 10.10, 1.00000000
d, H, 0.1560000000, 0.4663790000, 1.1321710000, 2.9173880000
c, 4.4, 1.00000000
c, 2.2, 1.00000000
c, 3.3, 1.00000000
c, 1.1, 1.00000000
f, H, 0.2740000000, 0.7931850000, 1.6496080000
c, 3.3, 1.00000000
c, 2.2, 1.00000000
c, 1.1, 1.00000000
g, H, 0.5430000000, 1.6068130000
c, 2.2, 1.00000000
c, 1.1, 1.00000000
