
Ba:ano-pvdz-ecp-bfd


  3
    0    1    2
    4    4    3
   10    9    8

     0.01958600     0.04467200     0.04660200     0.19100100     0.31643800
     0.48541600     1.93976700     4.53776800     5.89909800     7.66882700

     0.09990300    -0.02068400    -0.01821600     0.00000000
     0.00000000     0.00000000     0.00000000     1.00000000
    -0.53901400     0.14218600    -0.08367000     0.00000000
     0.78988400    -0.23588000     0.27498900     0.00000000
    -0.91985300     0.32514600    -0.55976800     0.00000000
     0.68541200    -0.24173500     0.73977300     0.00000000
     0.35206900    -0.36194700     1.06805900     0.00000000
     0.31311300    -0.19515000    -1.18390500     0.00000000
     0.01207100     0.85416200    -1.68640200     0.00000000
     0.00019500     0.37237500     1.80745800     0.00000000

     0.10657900     0.14802300     0.25223400     0.53393300     1.32547600
     2.05468800     2.69481100     4.35949400     5.74821600

    -0.00782000    -0.07020800    -0.02000800     0.00000000
     0.00000000     0.00000000     0.00000000     1.00000000
     0.02509800     0.22838400     0.10248600     0.00000000
     0.13014200    -1.01883900    -1.18451000     0.00000000
    -0.37171000     1.62201100     2.48276600     0.00000000
     0.04556200    -0.72328400    -1.52519300     0.00000000
     0.51254900    -0.75993400    -1.79166700     0.00000000
     0.52204300    -0.10217200     3.16354400     0.00000000
     0.11521200     1.11637500    -1.69775700     0.00000000

     0.00561400     0.01936600     0.04347100     0.10037800     0.24589400
     0.28068800     0.62011800     1.29123700

    -0.08152600    -0.22638100     0.00000000
     0.24212200     0.92414700     0.00000000
     0.36323000     0.23804400     0.00000000
     0.36300100    -0.42824800     0.00000000
     0.27946200    -0.29457800     0.00000000
     0.00000000     0.00000000     1.00000000
     0.08059800    -0.09839300     0.00000000
     0.00149500     0.00052300     0.00000000

