
Be:cc-pvdz-ecp-bfd


  2
    0    1
    3    1
    7    3

     1.53494600     1.12676600     0.79154200     0.17864000     0.07377600
     0.05890000     0.03278000

     0.03182200     0.37171400     0.00000000
    -0.28469200    -1.46004000     0.00000000
     0.13429300     1.12592600     0.00000000
     0.44771300     1.59804500     0.00000000
     0.50130100    -1.30667100     0.00000000
     0.00000000     0.00000000     1.00000000
     0.14384500    -0.32823900     0.00000000

     3.61900000     0.71100000     0.19510000

     0.02910500
     0.16946600
     0.51296900

