
Ca:ano-pvdz-ecp-bfd


  3
    0    1    2
    4    4    3
    9    8    7

     0.02630100     0.02666500     0.06776900     0.30111700     0.56468000
     1.03453500     4.45175900    10.36631800    13.47736100

     0.00000000     0.00000000     0.00000000     1.00000000
    -0.06881200     0.01569900    -0.00694800     0.00000000
     0.19584100    -0.04963500     0.05697000     0.00000000
    -0.49964300     0.14543600    -0.26664200     0.00000000
     0.48682200    -0.14750200     0.53776600     0.00000000
     0.48847500    -0.28857200     0.55734600     0.00000000
     0.24869900    -0.17334800    -0.60038600     0.00000000
     0.01211000     0.76259200    -1.66685800     0.00000000
     0.00028400     0.41769100     1.73009700     0.00000000

     0.02777200     0.17653700     0.42180000     0.91873600     2.04464200
     2.66576600     5.90065500     7.67562900

     0.00000000     0.00000000     0.00000000     1.00000000
     0.02736200    -0.00624300    -0.14335700     0.00000000
    -0.08448400     0.04831800     0.35739000     0.00000000
    -0.07664900     0.50764800    -0.23064000     0.00000000
     0.27640200    -1.03601600    -0.66955400     0.00000000
     0.45795600    -0.31214900    -0.48002800     0.00000000
     0.38699500     0.19013700     2.21338800     0.00000000
     0.08963500     0.85688000    -1.59045600     0.00000000

     0.03275100     0.05370000     0.10086400     0.30175800     0.84882800
     2.23904700     5.26296300

     0.04080500     0.03823300     0.00000000
     0.00000000     0.00000000     1.00000000
     0.18071800     0.38645100     0.00000000
     0.29996800     0.54122400     0.00000000
     0.30686300    -0.14940000     0.00000000
     0.37259800    -0.39834500     0.00000000
     0.26873500    -0.27841500     0.00000000

