
H:cc-pvdz-ecp-bfd


  2
    0    1
    3    1
    7    1

     6.35920100     3.54663700     1.49344200     0.55194800     0.20720300
     0.12200000     0.07923400

     0.00378400     0.00194000     0.00000000
     0.02238800    -0.05379700     0.00000000
     0.09141400    -0.08895200     0.00000000
     0.14998000    -0.45778500     0.00000000
     0.37578400    -0.29133500     0.00000000
     0.00000000     0.00000000     1.00000000
    -0.09863800    -0.54068800     0.00000000

     0.72700000

     1.00000000

