
He:ano-pvdz-ecp-bfd


  2
    0    1
    3    1
    7    1

     0.14000400     0.29760000     0.34690000     0.85930700     2.18410400
     5.87602400    14.72459300

     0.03545900    -0.05762700     0.00000000
     0.00000000     0.00000000     1.00000000
     0.09681600    -0.20501500     0.00000000
     0.21452100    -0.62512000     0.00000000
     0.34003300    -0.24986100     0.00000000
     0.34902500     0.71829400     0.00000000
     0.13313800     0.36890200     0.00000000

     1.27500000

     1.00000000

