
Li:cc-pvdz-ecp-bfd


  2
    0    1
    3    1
    7    3

     1.86599000     0.72599500     0.30925100     0.11031300     0.04887400
     0.02805000     0.02176800

     0.00588700     0.02156800     0.00000000
    -0.05775100    -0.16253900     0.00000000
    -0.11178900     0.00023100     0.00000000
     0.36160500     0.10430300     0.00000000
    -0.24155400     2.11228800     0.00000000
     0.00000000     0.00000000     1.00000000
     1.02790200    -1.97480300     0.00000000

     1.53400000     0.27490000     0.07362000

     0.02278600
     0.13910200
     0.50037500

