
Mg:cc-pvdz-ecp-bfd


  2
    0    1
    3    1
    7    6

     1.47826000     0.73024500     0.31022300     0.09203100     0.04333500
     0.03999000     0.01966700

     0.04428800     0.12566500     0.00000000
    -0.30245300    -0.85667400     0.00000000
     0.11508300     1.20515700     0.00000000
     0.66535400     1.22308100     0.00000000
     0.34130800    -1.73456300     0.00000000
     0.00000000     0.00000000     1.00000000
     0.05569500     0.02226600     0.00000000

     1.15248200     0.48062100     0.28419400     0.11490400     0.06049200
     0.01818300

    -0.03307300
    -0.14337500
     0.31604300
     0.55758500
     0.30361400
     0.02191400

