
Na:cc-pvdz-ecp-bfd


  2
    0    1
    3    1
    7    6

     1.47826000     0.73024500     0.31022300     0.09203100     0.04333500
     0.02307000     0.01966700

     0.01654300     0.04747600     0.00000000
    -0.07030200    -0.20313700     0.00000000
    -0.11252300    -0.05470200     0.00000000
     0.24949000     0.30586700     0.00000000
    -0.04953600     1.91320500     0.00000000
     0.00000000     0.00000000     1.00000000
     0.91901100    -1.94217200     0.00000000

     1.19117600     0.68827500     0.15830800     0.09442300     0.03626900
     0.01474800

     0.00809800
    -0.04655000
    -0.00961700
     0.24470900
     0.61774300
     0.25106800

