
Al:aug-cc-pv5z-ecp-bfd


  6
    0    1    2    3    4    5
    6    6    5    4    3    2
   14   14    5    4    3    2

     0.01770000     0.04551800     0.05641500     0.10030800     0.15506300
     0.22105100     0.33204100     0.48713200     0.72534300     1.07350000
     2.36568600     5.21329400    11.48860600    25.31759700

     0.00000000     0.00000000     0.00000000     0.00000000     0.00000000
     1.00000000
     0.20619300     0.00000000     0.00000000     0.00000000     0.00000000
     0.00000000
     0.00000000     1.00000000     0.00000000     0.00000000     0.00000000
     0.00000000
     0.55988700     0.00000000     0.00000000     0.00000000     0.00000000
     0.00000000
     0.00000000     0.00000000     1.00000000     0.00000000     0.00000000
     0.00000000
     0.40785200     0.00000000     0.00000000     0.00000000     0.00000000
     0.00000000
     0.00000000     0.00000000     0.00000000     1.00000000     0.00000000
     0.00000000
    -0.04109800     0.00000000     0.00000000     0.00000000     0.00000000
     0.00000000
     0.00000000     0.00000000     0.00000000     0.00000000     1.00000000
     0.00000000
    -0.23865200     0.00000000     0.00000000     0.00000000     0.00000000
     0.00000000
     0.03813200     0.00000000     0.00000000     0.00000000     0.00000000
     0.00000000
    -0.00393500     0.00000000     0.00000000     0.00000000     0.00000000
     0.00000000
     0.00047000     0.00000000     0.00000000     0.00000000     0.00000000
     0.00000000
    -0.00001400     0.00000000     0.00000000     0.00000000     0.00000000
     0.00000000

     0.01150000     0.01484800     0.03096700     0.03394900     0.06458600
     0.08315400     0.13470000     0.25136000     0.28093200     0.31442200
     0.58591300     1.22198500     2.54857800     5.31533000

     0.00000000     0.00000000     0.00000000     0.00000000     0.00000000
     1.00000000
     0.00993200     0.00000000     0.00000000     0.00000000     0.00000000
     0.00000000
     0.16021200     0.00000000     0.00000000     0.00000000     0.00000000
     0.00000000
     0.00000000     1.00000000     0.00000000     0.00000000     0.00000000
     0.00000000
     0.38917100     0.00000000     0.00000000     0.00000000     0.00000000
     0.00000000
     0.00000000     0.00000000     1.00000000     0.00000000     0.00000000
     0.00000000
     0.37323500     0.00000000     0.00000000     0.00000000     0.00000000
     0.00000000
     0.00000000     0.00000000     0.00000000     1.00000000     0.00000000
     0.00000000
     0.19580000     0.00000000     0.00000000     0.00000000     0.00000000
     0.00000000
     0.00000000     0.00000000     0.00000000     0.00000000     1.00000000
     0.00000000
     0.02294700     0.00000000     0.00000000     0.00000000     0.00000000
     0.00000000
    -0.05329300     0.00000000     0.00000000     0.00000000     0.00000000
     0.00000000
     0.00484600     0.00000000     0.00000000     0.00000000     0.00000000
     0.00000000
    -0.00072600     0.00000000     0.00000000     0.00000000     0.00000000
     0.00000000

     0.02940000     0.08865100     0.24121600     0.57512900     0.98912700

     0.00000000     0.00000000     0.00000000     0.00000000     1.00000000
     1.00000000     0.00000000     0.00000000     0.00000000     0.00000000
     0.00000000     1.00000000     0.00000000     0.00000000     0.00000000
     0.00000000     0.00000000     1.00000000     0.00000000     0.00000000
     0.00000000     0.00000000     0.00000000     1.00000000     0.00000000

     0.05090000     0.14859800     0.37485000     0.78100600

     0.00000000     0.00000000     0.00000000     1.00000000
     1.00000000     0.00000000     0.00000000     0.00000000
     0.00000000     1.00000000     0.00000000     0.00000000
     0.00000000     0.00000000     1.00000000     0.00000000

     0.10690000     0.25954800     0.56138100

     0.00000000     0.00000000     1.00000000
     1.00000000     0.00000000     0.00000000
     0.00000000     1.00000000     0.00000000

     0.22700000     0.32873100

     0.00000000     1.00000000
     1.00000000     0.00000000

