
Ar:aug-cc-pv5z-ecp-bfd


  6
    0    1    2    3    4    5
    6    6    5    4    3    2
   14   14    5    4    3    2

     0.05380000     0.14734700     0.18959400     0.31216400     0.66133900
     0.77804000     0.97126600     1.40109000     1.97961200     2.96830100
     6.28853900    13.32267700    28.22495600    59.79640200

     0.00000000     0.00000000     0.00000000     0.00000000     0.00000000
     1.00000000
     0.15547300     0.00000000     0.00000000     0.00000000     0.00000000
     0.00000000
     0.00000000     1.00000000     0.00000000     0.00000000     0.00000000
     0.00000000
     0.49461700     0.00000000     0.00000000     0.00000000     0.00000000
     0.00000000
     0.52670500     0.00000000     0.00000000     0.00000000     0.00000000
     0.00000000
     0.00000000     0.00000000     1.00000000     0.00000000     0.00000000
     0.00000000
     0.00000000     0.00000000     0.00000000     1.00000000     0.00000000
     0.00000000
     0.02198600     0.00000000     0.00000000     0.00000000     0.00000000
     0.00000000
     0.00000000     0.00000000     0.00000000     0.00000000     1.00000000
     0.00000000
    -0.33853300     0.00000000     0.00000000     0.00000000     0.00000000
     0.00000000
     0.05602300     0.00000000     0.00000000     0.00000000     0.00000000
     0.00000000
    -0.00011500     0.00000000     0.00000000     0.00000000     0.00000000
     0.00000000
    -0.00059500     0.00000000     0.00000000     0.00000000     0.00000000
     0.00000000
     0.00012700     0.00000000     0.00000000     0.00000000     0.00000000
     0.00000000

     0.04020000     0.09058000     0.13391600     0.18808500     0.35618600
     0.39054800     0.81095300     0.83356200     1.43092700     1.68390200
     3.49653500     7.26037100    15.07578100    31.30406900

     0.00000000     0.00000000     0.00000000     0.00000000     0.00000000
     1.00000000
     0.07910100     0.00000000     0.00000000     0.00000000     0.00000000
     0.00000000
     0.00000000     1.00000000     0.00000000     0.00000000     0.00000000
     0.00000000
     0.26071800     0.00000000     0.00000000     0.00000000     0.00000000
     0.00000000
     0.00000000     0.00000000     1.00000000     0.00000000     0.00000000
     0.00000000
     0.39506500     0.00000000     0.00000000     0.00000000     0.00000000
     0.00000000
     0.33495400     0.00000000     0.00000000     0.00000000     0.00000000
     0.00000000
     0.00000000     0.00000000     0.00000000     1.00000000     0.00000000
     0.00000000
     0.00000000     0.00000000     0.00000000     0.00000000     1.00000000
     0.00000000
     0.10746200     0.00000000     0.00000000     0.00000000     0.00000000
     0.00000000
    -0.07365700     0.00000000     0.00000000     0.00000000     0.00000000
     0.00000000
    -0.00140700     0.00000000     0.00000000     0.00000000     0.00000000
     0.00000000
     0.00171000     0.00000000     0.00000000     0.00000000     0.00000000
     0.00000000
    -0.00027500     0.00000000     0.00000000     0.00000000     0.00000000
     0.00000000

     0.12100000     0.26811300     0.69775300     1.18536600     2.11810200

     0.00000000     0.00000000     0.00000000     0.00000000     1.00000000
     1.00000000     0.00000000     0.00000000     0.00000000     0.00000000
     0.00000000     1.00000000     0.00000000     0.00000000     0.00000000
     0.00000000     0.00000000     1.00000000     0.00000000     0.00000000
     0.00000000     0.00000000     0.00000000     1.00000000     0.00000000

     0.20900000     0.42246100     0.97377600     2.02061600

     0.00000000     0.00000000     0.00000000     1.00000000
     1.00000000     0.00000000     0.00000000     0.00000000
     0.00000000     1.00000000     0.00000000     0.00000000
     0.00000000     0.00000000     1.00000000     0.00000000

     0.33400000     0.69521700     1.69011100

     0.00000000     0.00000000     1.00000000
     1.00000000     0.00000000     0.00000000
     0.00000000     1.00000000     0.00000000

     0.74200000     1.25894400

     0.00000000     1.00000000
     1.00000000     0.00000000

