
Ne:aug-cc-pv5z-ecp-bfd


  6
    0    1    2    3    4    5
    6    6    5    4    3    2
   14   14    5    4    3    2

     0.09570000     0.20583500     0.31867800     0.39138400     0.74419600
     0.83017800     1.41504800     1.59190400     2.69063800     2.74499900
     5.11610300     9.72799400    18.49725600    35.17153400

     0.00000000     0.00000000     0.00000000     0.00000000     0.00000000
     1.00000000
     0.05751400     0.00000000     0.00000000     0.00000000     0.00000000
     0.00000000
     0.00000000     1.00000000     0.00000000     0.00000000     0.00000000
     0.00000000
     0.21577600     0.00000000     0.00000000     0.00000000     0.00000000
     0.00000000
     0.37479900     0.00000000     0.00000000     0.00000000     0.00000000
     0.00000000
     0.00000000     0.00000000     1.00000000     0.00000000     0.00000000
     0.00000000
     0.32631300     0.00000000     0.00000000     0.00000000     0.00000000
     0.00000000
     0.00000000     0.00000000     0.00000000     1.00000000     0.00000000
     0.00000000
     0.16638300     0.00000000     0.00000000     0.00000000     0.00000000
     0.00000000
     0.00000000     0.00000000     0.00000000     0.00000000     1.00000000
     0.00000000
    -0.03914900     0.00000000     0.00000000     0.00000000     0.00000000
     0.00000000
    -0.08590900     0.00000000     0.00000000     0.00000000     0.00000000
     0.00000000
     0.00681600     0.00000000     0.00000000     0.00000000     0.00000000
     0.00000000
     0.00020600     0.00000000     0.00000000     0.00000000     0.00000000
     0.00000000

     0.06540000     0.12177200     0.21822600     0.23824800     0.46613600
     0.63692100     0.91200200     1.78434400     1.88819100     3.02010800
     3.49109500     6.83037800    13.36373200    26.14633200

     0.00000000     0.00000000     0.00000000     0.00000000     0.00000000
     1.00000000
     0.02994300     0.00000000     0.00000000     0.00000000     0.00000000
     0.00000000
     0.00000000     1.00000000     0.00000000     0.00000000     0.00000000
     0.00000000
     0.11420000     0.00000000     0.00000000     0.00000000     0.00000000
     0.00000000
     0.21961800     0.00000000     0.00000000     0.00000000     0.00000000
     0.00000000
     0.00000000     0.00000000     1.00000000     0.00000000     0.00000000
     0.00000000
     0.26886400     0.00000000     0.00000000     0.00000000     0.00000000
     0.00000000
     0.25693200     0.00000000     0.00000000     0.00000000     0.00000000
     0.00000000
     0.00000000     0.00000000     0.00000000     1.00000000     0.00000000
     0.00000000
     0.00000000     0.00000000     0.00000000     0.00000000     1.00000000
     0.00000000
     0.19137800     0.00000000     0.00000000     0.00000000     0.00000000
     0.00000000
     0.11217600     0.00000000     0.00000000     0.00000000     0.00000000
     0.00000000
     0.06331700     0.00000000     0.00000000     0.00000000     0.00000000
     0.00000000
     0.00805700     0.00000000     0.00000000     0.00000000     0.00000000
     0.00000000

     0.21300000     0.65492400     1.93150200     5.02756600     6.98970000

     0.00000000     0.00000000     0.00000000     0.00000000     1.00000000
     1.00000000     0.00000000     0.00000000     0.00000000     0.00000000
     0.00000000     1.00000000     0.00000000     0.00000000     0.00000000
     0.00000000     0.00000000     1.00000000     0.00000000     0.00000000
     0.00000000     0.00000000     0.00000000     1.00000000     0.00000000

     0.42500000     1.31429700     4.06592800     5.58748700

     0.00000000     0.00000000     0.00000000     1.00000000
     1.00000000     0.00000000     0.00000000     0.00000000
     0.00000000     1.00000000     0.00000000     0.00000000
     0.00000000     0.00000000     1.00000000     0.00000000

     0.80900000     2.07092500     6.07310700

     0.00000000     0.00000000     1.00000000
     1.00000000     0.00000000     0.00000000
     0.00000000     1.00000000     0.00000000

     1.62800000     3.74311800

     0.00000000     1.00000000
     1.00000000     0.00000000

