
P:aug-cc-pv5z-ecp-bfd


  6
    0    1    2    3    4    5
    6    6    5    4    3    2
   14   14    5    4    3    2

     0.03350000     0.07471800     0.08209200     0.16083400     0.19552500
     0.34620200     0.43476700     0.74521500     1.02757300     1.60410900
     3.45291700     7.43256100    15.99892400    34.43840800

     0.00000000     0.00000000     0.00000000     0.00000000     0.00000000
     1.00000000
     0.14022500     0.00000000     0.00000000     0.00000000     0.00000000
     0.00000000
     0.00000000     1.00000000     0.00000000     0.00000000     0.00000000
     0.00000000
     0.50674600     0.00000000     0.00000000     0.00000000     0.00000000
     0.00000000
     0.00000000     0.00000000     1.00000000     0.00000000     0.00000000
     0.00000000
     0.49989300     0.00000000     0.00000000     0.00000000     0.00000000
     0.00000000
     0.00000000     0.00000000     0.00000000     1.00000000     0.00000000
     0.00000000
     0.03730100     0.00000000     0.00000000     0.00000000     0.00000000
     0.00000000
     0.00000000     0.00000000     0.00000000     0.00000000     1.00000000
     0.00000000
    -0.28459100     0.00000000     0.00000000     0.00000000     0.00000000
     0.00000000
     0.02476600     0.00000000     0.00000000     0.00000000     0.00000000
     0.00000000
     0.00179800     0.00000000     0.00000000     0.00000000     0.00000000
     0.00000000
    -0.00031400     0.00000000     0.00000000     0.00000000     0.00000000
     0.00000000
     0.00008800     0.00000000     0.00000000     0.00000000     0.00000000
     0.00000000

     0.02530000     0.05024200     0.07415900     0.10239100     0.18938200
     0.20866900     0.42525600     0.47079800     0.81567700     0.86665100
     1.76619100     3.59941000     7.33541800    14.94921700

     0.00000000     0.00000000     0.00000000     0.00000000     0.00000000
     1.00000000
     0.07209500     0.00000000     0.00000000     0.00000000     0.00000000
     0.00000000
     0.00000000     1.00000000     0.00000000     0.00000000     0.00000000
     0.00000000
     0.27873500     0.00000000     0.00000000     0.00000000     0.00000000
     0.00000000
     0.00000000     0.00000000     1.00000000     0.00000000     0.00000000
     0.00000000
     0.41103400     0.00000000     0.00000000     0.00000000     0.00000000
     0.00000000
     0.30472400     0.00000000     0.00000000     0.00000000     0.00000000
     0.00000000
     0.00000000     0.00000000     0.00000000     1.00000000     0.00000000
     0.00000000
     0.00000000     0.00000000     0.00000000     0.00000000     1.00000000
     0.00000000
     0.09172700     0.00000000     0.00000000     0.00000000     0.00000000
     0.00000000
    -0.05706000     0.00000000     0.00000000     0.00000000     0.00000000
     0.00000000
    -0.00510300     0.00000000     0.00000000     0.00000000     0.00000000
     0.00000000
     0.00032800     0.00000000     0.00000000     0.00000000     0.00000000
     0.00000000
    -0.00004600     0.00000000     0.00000000     0.00000000     0.00000000
     0.00000000

     0.06240000     0.16780000     0.45730700     1.02165000     1.59872000

     0.00000000     0.00000000     0.00000000     0.00000000     1.00000000
     1.00000000     0.00000000     0.00000000     0.00000000     0.00000000
     0.00000000     1.00000000     0.00000000     0.00000000     0.00000000
     0.00000000     0.00000000     1.00000000     0.00000000     0.00000000
     0.00000000     0.00000000     0.00000000     1.00000000     0.00000000

     0.09500000     0.21475100     0.48238000     0.98496600

     0.00000000     0.00000000     0.00000000     1.00000000
     1.00000000     0.00000000     0.00000000     0.00000000
     0.00000000     1.00000000     0.00000000     0.00000000
     0.00000000     0.00000000     1.00000000     0.00000000

     0.18400000     0.40648400     0.92450700

     0.00000000     0.00000000     1.00000000
     1.00000000     0.00000000     0.00000000
     0.00000000     1.00000000     0.00000000

     0.37200000     0.83191300

     0.00000000     1.00000000
     1.00000000     0.00000000

