
S:aug-cc-pv5z-ecp-bfd


  6
    0    1    2    3    4    5
    6    6    5    4    3    2
   14   14    5    4    3    2

     0.04200000     0.09512000     0.11391800     0.20238500     0.28279000
     0.43061100     0.62670200     0.91620300     1.33822600     1.94938800
     4.14767400     8.82492600    18.77662300    39.95065600

     0.00000000     0.00000000     0.00000000     0.00000000     0.00000000
     1.00000000
     0.14007400     0.00000000     0.00000000     0.00000000     0.00000000
     0.00000000
     0.00000000     1.00000000     0.00000000     0.00000000     0.00000000
     0.00000000
     0.49094200     0.00000000     0.00000000     0.00000000     0.00000000
     0.00000000
     0.00000000     0.00000000     1.00000000     0.00000000     0.00000000
     0.00000000
     0.51529700     0.00000000     0.00000000     0.00000000     0.00000000
     0.00000000
     0.00000000     0.00000000     0.00000000     1.00000000     0.00000000
     0.00000000
     0.05032000     0.00000000     0.00000000     0.00000000     0.00000000
     0.00000000
     0.00000000     0.00000000     0.00000000     0.00000000     1.00000000
     0.00000000
    -0.29890800     0.00000000     0.00000000     0.00000000     0.00000000
     0.00000000
     0.01982700     0.00000000     0.00000000     0.00000000     0.00000000
     0.00000000
     0.00726600     0.00000000     0.00000000     0.00000000     0.00000000
     0.00000000
    -0.00160200     0.00000000     0.00000000     0.00000000     0.00000000
     0.00000000
     0.00027100     0.00000000     0.00000000     0.00000000     0.00000000
     0.00000000

     0.02940000     0.05708700     0.07910100     0.11590100     0.21063200
     0.23530500     0.47772300     0.52253700     0.92445400     0.96988900
     1.96909900     3.99772600     8.11630700    16.47797900

     0.00000000     0.00000000     0.00000000     0.00000000     0.00000000
     1.00000000
     0.08193800     0.00000000     0.00000000     0.00000000     0.00000000
     0.00000000
     0.00000000     1.00000000     0.00000000     0.00000000     0.00000000
     0.00000000
     0.25182600     0.00000000     0.00000000     0.00000000     0.00000000
     0.00000000
     0.00000000     0.00000000     1.00000000     0.00000000     0.00000000
     0.00000000
     0.37634400     0.00000000     0.00000000     0.00000000     0.00000000
     0.00000000
     0.32090200     0.00000000     0.00000000     0.00000000     0.00000000
     0.00000000
     0.00000000     0.00000000     0.00000000     1.00000000     0.00000000
     0.00000000
     0.00000000     0.00000000     0.00000000     0.00000000     1.00000000
     0.00000000
     0.14377900     0.00000000     0.00000000     0.00000000     0.00000000
     0.00000000
    -0.04554300     0.00000000     0.00000000     0.00000000     0.00000000
     0.00000000
    -0.01719100     0.00000000     0.00000000     0.00000000     0.00000000
     0.00000000
     0.00258000     0.00000000     0.00000000     0.00000000     0.00000000
     0.00000000
    -0.00022200     0.00000000     0.00000000     0.00000000     0.00000000
     0.00000000

     0.07940000     0.18654600     0.46232800     0.95557900     2.33430800

     0.00000000     0.00000000     0.00000000     0.00000000     1.00000000
     1.00000000     0.00000000     0.00000000     0.00000000     0.00000000
     0.00000000     1.00000000     0.00000000     0.00000000     0.00000000
     0.00000000     0.00000000     1.00000000     0.00000000     0.00000000
     0.00000000     0.00000000     0.00000000     1.00000000     0.00000000

     0.11880000     0.27434300     0.66156800     1.38953300

     0.00000000     0.00000000     0.00000000     1.00000000
     1.00000000     0.00000000     0.00000000     0.00000000
     0.00000000     1.00000000     0.00000000     0.00000000
     0.00000000     0.00000000     1.00000000     0.00000000

     0.22000000     0.48669800     1.16649500

     0.00000000     0.00000000     1.00000000
     1.00000000     0.00000000     0.00000000
     0.00000000     1.00000000     0.00000000

     0.47200000     0.83949400

     0.00000000     1.00000000
     1.00000000     0.00000000

