! cc-pvtz-ecp-bfd
! s functions
H   9   5
       27.8467870000       -0.0193370000       -0.0026530000       -0.1082250000
                            0.3083580000        0.0000000000
       21.4206050000        0.0886140000       -0.0075420000        0.1550970000
                           -0.4991720000        0.0000000000
       10.5372500000       -0.3558590000        0.0797560000        0.1566060000
                           -0.0751950000        0.0000000000
        2.5355960000        0.5380880000       -0.1553010000       -1.0250660000
                            2.5163210000        0.0000000000
        1.2496840000        0.5111370000       -0.2530780000       -0.1159850000
                           -2.4929510000        0.0000000000
        0.5998460000        0.1476400000       -0.0281680000        0.9636620000
                           -0.1370300000        0.0000000000
        0.1155080000        0.0059050000        0.7123600000        0.8199690000
                            1.6131500000        0.0000000000
        0.0401270000        0.0001680000        0.3888470000       -1.2305960000
                           -1.2364650000        0.0000000000
        0.0200000000        0.0000000000        0.0000000000        0.0000000000
                            0.0000000000        1.0000000000
! p functions
H   8   5
       18.5940060000        0.0036520000       -0.0052120000        0.0046170000
                           -0.0970120000        0.0000000000
       14.3030110000       -0.0370760000        0.0471100000       -0.0789920000
                            0.0411390000        0.0000000000
        5.6314200000        0.2171200000       -0.3328630000        0.6524990000
                            1.3738070000        0.0000000000
        2.6830110000        0.4409730000       -0.3573650000        0.3794110000
                           -1.1467390000        0.0000000000
        1.2585730000        0.3587230000        0.1403410000       -0.9018520000
                           -0.8938780000        0.0000000000
        0.5740840000        0.1148460000        0.3989390000       -0.3512320000
                            1.3799270000        0.0000000000
        0.2092300000        0.0073160000        0.4150330000        0.4657210000
                            0.2413220000        0.0000000000
        0.1050000000        0.0000000000        0.0000000000        0.0000000000
                            0.0000000000        1.0000000000
! d functions
H   7   4
       15.7872870000        0.0842220000       -0.1035330000        0.1072440000
                            0.0000000000
        7.2032130000        0.2554330000       -0.3580950000        0.4972470000
                            0.0000000000
        2.9736060000        0.3499660000       -0.3473180000        0.0166380000
                            0.0000000000
        1.2070240000        0.3416720000        0.1993020000       -0.8885790000
                            0.0000000000
        0.8000000000        0.0000000000        0.0000000000        0.0000000000
                            1.0000000000
        0.4640460000        0.2416970000        0.4941750000        0.0626040000
                            0.0000000000
        0.1610150000        0.0925830000        0.3419000000        0.7015670000
                            0.0000000000
! f functions
H   2   2
        6.0615460000        0.0000000000        1.0000000000
        1.6923300000        1.0000000000        0.0000000000
! g functions
H   1   1
        4.6638320000        1.0000000000
