! ano-pvtz-ecp-bfd
! s functions
H   9   5
        0.0175000000        0.0000000000        0.0000000000        0.0000000000
                            0.0000000000        1.0000000000
        0.0369020000       -0.0103180000        0.0003410000       -0.0309670000
                            0.4299680000        0.0000000000
        0.1024890000        0.2303640000       -0.0476460000       -0.0341920000
                           -1.7865440000        0.0000000000
        0.4711510000       -0.5665510000        0.1364650000        0.3834430000
                            1.4826410000        0.0000000000
        0.9934980000        0.5444370000       -0.1533710000       -1.2591920000
                            2.6840040000        0.0000000000
        2.0683500000        0.5400010000       -0.2885550000       -0.0989130000
                           -6.1524900000        0.0000000000
        9.0077940000        0.1431150000       -0.0442120000        1.1943210000
                            4.8066210000        0.0000000000
       14.0377550000        0.0073860000        0.7047680000        0.5550240000
                           -2.1348310000        0.0000000000
       25.8826570000        0.0018690000        0.4154070000       -1.0775630000
                            0.8057280000        0.0000000000
! p functions
H   8   5
        0.1050000000        0.0000000000        0.0000000000        0.0000000000
                            0.0000000000        1.0000000000
        0.2104420000        0.0072230000       -0.0055600000        0.0081850000
                            0.0375330000        0.0000000000
        0.5147430000       -0.0703150000        0.0635060000       -0.1253480000
                            0.0898050000        0.0000000000
        1.0644940000        0.2291610000       -0.2769560000        0.6571860000
                           -1.5695970000        0.0000000000
        2.1179620000        0.3931990000       -0.3214790000        0.5059080000
                            1.1068610000        0.0000000000
        4.1832890000        0.3615960000       -0.0048080000       -0.7737570000
                            1.1291570000        0.0000000000
       10.4506530000        0.1541390000        0.3308330000       -0.5927790000
                           -1.1679980000        0.0000000000
       16.6593890000        0.0164980000        0.3570950000        0.1853150000
                           -0.7954990000        0.0000000000
! d functions
H   7   4
        0.0580000000        0.0000000000        0.0000000000        0.0000000000
                            1.0000000000
        0.1169260000        0.0815910000       -0.0865000000       -0.1014240000
                            0.0000000000
        0.3284850000        0.2631900000       -0.3397380000       -0.5484920000
                            0.0000000000
        0.8405650000        0.3428560000       -0.3288820000       -0.0020910000
                            0.0000000000
        2.0398270000        0.3383260000        0.1300250000        0.8284570000
                            0.0000000000
        4.8411510000        0.2407300000        0.4949410000       -0.0882060000
                            0.0000000000
       10.2324130000        0.0883750000        0.3659330000       -0.5909580000
                            0.0000000000
! f functions
H   2   2
        1.3404070000        1.0000000000        0.0000000000
        4.5024100000        0.0000000000        1.0000000000
! g functions
H   1   1
        3.5995620000        1.0000000000
