! cc-pvtz-ecp-bfd
! s functions
H   7   4
       14.7245930000        0.0354590000       -0.0576270000       -0.1046280000
                            0.0000000000
        5.8760240000        0.0968160000       -0.2050150000       -0.7586610000
                            0.0000000000
        2.1841040000        0.2145210000       -0.6251200000       -0.4186410000
                            0.0000000000
        0.8593070000        0.3400330000       -0.2498610000        1.9321510000
                            0.0000000000
        0.3469000000        0.3490250000        0.7182940000       -0.6442970000
                            0.0000000000
        0.2976000000        0.0000000000        0.0000000000        0.0000000000
                            1.0000000000
        0.1400040000        0.1331380000        0.3689020000       -0.5608110000
                            0.0000000000
! p functions
H   2   2
        3.0440000000        0.0000000000        1.0000000000
        0.7580000000        1.0000000000        0.0000000000
! d functions
H   1   1
        1.9650000000        1.0000000000
