! ano-pvtz-ecp-bfd
! s functions
H   7   4
        0.0196670000        0.0442880000        0.1256650000        0.0082410000
                            0.0000000000
        0.0399900000        0.0000000000        0.0000000000        0.0000000000
                            1.0000000000
        0.0433350000       -0.3024530000       -0.8566740000       -1.1183600000
                            0.0000000000
        0.0920310000        0.1150830000        1.2051570000        3.2950800000
                            0.0000000000
        0.3102230000        0.6653540000        1.2230810000       -4.2376590000
                            0.0000000000
        0.7302450000        0.3413080000       -1.7345630000        2.5906400000
                            0.0000000000
        1.4782600000        0.0556950000        0.0222660000       -0.0701450000
                            0.0000000000
! p functions
H   6   2
        0.0181830000       -0.0330730000       -0.0918130000
        0.0604920000       -0.1433750000       -0.4933460000
        0.1149040000        0.3160430000        1.7727050000
        0.2841940000        0.5575850000       -0.3582260000
        0.4806210000        0.3036140000       -0.7514590000
        1.1524820000        0.0219140000       -0.0359850000
! d functions
H   1   1
        0.1870000000        1.0000000000
