! ano-pvtz-ecp-bfd
! s functions
H   6   3
        0.0196670000        0.0165430000        0.0474760000       -0.1411590000
        0.0433350000       -0.0703020000       -0.2031370000        0.6249500000
        0.0920310000       -0.1125230000       -0.0547020000       -0.3051840000
        0.3102230000        0.2494900000        0.3058670000       -3.4279960000
        0.7302450000       -0.0495360000        1.9132050000        5.1574140000
        1.4782600000        0.9190110000       -1.9421720000       -2.3235630000
! p functions
H   6   2
        0.0147480000        0.0080980000        0.0400090000
        0.0362690000       -0.0465500000       -0.1742990000
        0.0944230000       -0.0096170000        0.2973090000
        0.1583080000        0.2447090000        1.0549210000
        0.6882750000        0.6177430000       -0.6933210000
        1.1911760000        0.2510680000       -0.3608590000
! d functions
H   1   1
        0.0973000000        1.0000000000
