! ano-pvtz-ecp-bfd
! s functions
H   8   4
        0.0392140000       -0.0067540000       -0.0007110000       -0.0288670000
                            0.0772320000
        0.1115950000        0.2857820000       -0.0528250000       -0.0268940000
                           -0.1724410000
        0.5699300000       -0.6172750000        0.1342350000        0.3253120000
                           -0.2856530000
        1.2126110000        0.5286870000       -0.1353400000       -1.0178380000
                            2.4835510000
        2.5295400000        0.5466510000       -0.2760250000       -0.2630440000
                           -2.2369100000
       10.8273400000        0.1533000000       -0.0417620000        1.0781920000
                           -0.3095810000
       15.3295620000        0.0063570000        0.7120580000        0.7684980000
                            1.7319360000
       30.2582900000        0.0005590000        0.3951860000       -1.2183670000
                           -1.3545860000
! p functions
H   8   5
        0.1000000000        0.0000000000        0.0000000000        0.0000000000
                            0.0000000000        1.0000000000
        0.2010130000        0.0185540000       -0.0106250000        0.0093280000
                           -0.1427590000        0.0000000000
        0.5244220000       -0.0698370000        0.0566560000       -0.0947850000
                            0.1038690000        0.0000000000
        1.1049510000        0.2827030000       -0.3490260000        0.7672690000
                            1.4855550000        0.0000000000
        2.2624850000        0.4224890000       -0.2821730000        0.2648380000
                           -1.4705370000        0.0000000000
        4.6763870000        0.3258540000        0.0940420000       -0.8792720000
                           -0.6687920000        0.0000000000
       13.4934070000        0.1076690000        0.3643730000       -0.3913780000
                            1.3086840000        0.0000000000
       17.5429470000        0.0080760000        0.4281170000        0.4167680000
                            0.3160270000        0.0000000000
! d functions
H   7   4
        0.0700000000        0.0000000000        0.0000000000        0.0000000000
                            1.0000000000
        0.1415170000        0.0836770000       -0.0979770000       -0.1124870000
                            0.0000000000
        0.4025470000        0.2744730000       -0.3648430000       -0.5337160000
                            0.0000000000
        1.0327770000        0.3422970000       -0.3117350000        0.0492320000
                            0.0000000000
        2.4987310000        0.3319100000        0.1737090000        0.8006190000
                            0.0000000000
        5.8657280000        0.2349370000        0.4954180000       -0.1132900000
                            0.0000000000
       12.2263190000        0.0865900000        0.3354590000       -0.5997330000
                            0.0000000000
! f functions
H   2   2
        1.4671980000        1.0000000000        0.0000000000
        5.3121510000        0.0000000000        1.0000000000
! g functions
H   1   1
        4.3942730000        1.0000000000
