! cc-pvqz-ecp-bfd
! s functions
H   7   5
        1.5349460000        0.0318220000        0.3717140000        1.8883500000
                           -2.4423330000        0.0000000000
        1.1267660000       -0.2846920000       -1.4600400000       -6.8768780000
                            3.4602390000        0.0000000000
        0.7915420000        0.1342930000        1.1259260000        6.6234840000
                            0.1485210000        0.0000000000
        0.1786400000        0.4477130000        1.5980450000       -1.8368950000
                           -3.4416460000        0.0000000000
        0.0737760000        0.5013010000       -1.3066710000       -0.3008170000
                            4.9161800000        0.0000000000
        0.0589000000        0.0000000000        0.0000000000        0.0000000000
                            0.0000000000        1.0000000000
        0.0327800000        0.1438450000       -0.3282390000        1.0357260000
                           -2.7060870000        0.0000000000
! p functions
H   5   3
        3.6190000000        0.0291050000        0.0000000000        0.0000000000
        0.7110000000        0.1694660000        0.0000000000        0.0000000000
        0.1951000000        0.5129690000        0.0000000000        0.0000000000
        0.1438000000        0.0000000000        1.0000000000        0.0000000000
        0.0499400000        0.0000000000        0.0000000000        1.0000000000
! d functions
H   2   2
        0.3480000000        0.0000000000        1.0000000000
        0.1803000000        1.0000000000        0.0000000000
! f functions
H   1   1
        0.3250000000        1.0000000000
