! cc-pvqz-ecp-bfd
! s functions
H   9   6
       13.4773610000       -0.0688120000        0.0156990000       -0.0069480000
                            0.0442860000       -0.9217270000        0.0000000000
       10.3663180000        0.1958410000       -0.0496350000        0.0569700000
                            0.0508560000        1.4209920000        0.0000000000
        4.4517590000       -0.4996430000        0.1454360000       -0.2666420000
                           -0.7121390000       -0.2579450000        0.0000000000
        1.0345350000        0.4868220000       -0.1475020000        0.5377660000
                            3.4102180000       -5.4851490000        0.0000000000
        0.5646800000        0.4884750000       -0.2885720000        0.5573460000
                           -2.4193550000       11.0369640000        0.0000000000
        0.3011170000        0.2486990000       -0.1733480000       -0.6003860000
                           -1.0678760000       -7.4737830000        0.0000000000
        0.0677690000        0.0121100000        0.7625920000       -1.6668580000
                            1.8600220000        2.5065600000        0.0000000000
        0.0266650000        0.0002840000        0.4176910000        1.7300970000
                           -1.1436860000       -1.1463270000        0.0000000000
        0.0263010000        0.0000000000        0.0000000000        0.0000000000
                            0.0000000000        0.0000000000        1.0000000000
! p functions
H   8   6
        7.6756290000        0.0273620000       -0.0062430000       -0.1433570000
                            0.0587090000       -0.4690990000        0.0000000000
        5.9006550000       -0.0844840000        0.0483180000        0.3573900000
                            0.1659040000        0.1368100000        0.0000000000
        2.6657660000       -0.0766490000        0.5076480000       -0.2306400000
                           -0.8480160000       11.9350660000        0.0000000000
        2.0446420000        0.2764020000       -1.0360160000       -0.6695540000
                           -1.5191200000      -15.5066560000        0.0000000000
        0.9187360000        0.4579560000       -0.3121490000       -0.4800280000
                            4.0691320000        6.7436020000        0.0000000000
        0.4218000000        0.3869950000        0.1901370000        2.2133880000
                           -3.3764400000       -3.3579220000        0.0000000000
        0.1765370000        0.0896350000        0.8568800000       -1.5904560000
                            1.2371970000        0.9461690000        0.0000000000
        0.0277720000        0.0000000000        0.0000000000        0.0000000000
                            0.0000000000        0.0000000000        1.0000000000
! d functions
H   7   5
        5.2629630000        0.0408050000        0.0382330000       -0.0057440000
                           -0.1487990000        0.0000000000
        2.2390470000        0.1807180000        0.3864510000       -0.9076850000
                           -0.7402450000        0.0000000000
        0.8488280000        0.2999680000        0.5412240000        0.5054310000
                            1.3612420000        0.0000000000
        0.3017580000        0.3068630000       -0.1494000000        0.6767000000
                           -0.9859720000        0.0000000000
        0.1008640000        0.3725980000       -0.3983450000       -0.4083550000
                           -0.1431220000        0.0000000000
        0.0537000000        0.0000000000        0.0000000000        0.0000000000
                            0.0000000000        1.0000000000
        0.0327510000        0.2687350000       -0.2784150000       -0.2425430000
                            0.6516680000        0.0000000000
! f functions
H   2   2
        0.4883000000        1.0000000000        0.0000000000
        0.1165000000        0.0000000000        1.0000000000
! g functions
H   1   1
        0.1466000000        1.0000000000
