! cc-pvqz-ecp-bfd
! s functions
H   9   6
       27.9365220000       -0.0074740000       -0.0004390000       -0.0337700000
                            0.0895810000        1.1424560000        0.0000000000
       14.9380110000        0.2119360000       -0.0408870000        0.0032600000
                           -0.2178370000       -6.2716630000        0.0000000000
        9.7696450000       -0.5332630000        0.1238560000        0.3141560000
                           -0.2229450000        7.3438490000        0.0000000000
        2.2518710000        0.5344710000       -0.1487860000       -1.1798020000
                            2.5759280000       -5.0696400000        0.0000000000
        1.0885800000        0.5367500000       -0.2791730000       -0.1183470000
                           -2.6089160000        5.0700300000        0.0000000000
        0.5162180000        0.1480440000       -0.0406670000        1.1227750000
                           -0.0322750000       -2.0184870000        0.0000000000
        0.1069620000        0.0069750000        0.7078530000        0.6456160000
                            1.7525890000       -0.4105360000        0.0000000000
        0.0380330000        0.0012130000        0.4052190000       -1.1346730000
                           -1.4137350000        1.9241040000        0.0000000000
        0.0190000000        0.0000000000        0.0000000000        0.0000000000
                            0.0000000000        0.0000000000        1.0000000000
! p functions
H   8   6
       16.3101720000        0.0176170000       -0.0131460000        0.0188110000
                            0.1048690000       -0.8007610000        0.0000000000
       12.5457010000       -0.0672420000        0.0593930000       -0.1086320000
                           -0.0441410000        1.2070280000        0.0000000000
        4.4091540000        0.2537810000       -0.3151380000        0.7167600000
                           -1.5076780000        1.3607520000        0.0000000000
        2.1726000000        0.4117860000       -0.3081790000        0.3690470000
                            1.3293270000       -3.7242640000        0.0000000000
        1.0758320000        0.3415830000        0.0623350000       -0.8428250000
                            0.8650880000        3.2624180000        0.0000000000
        0.5166780000        0.1271730000        0.3405910000       -0.4847360000
                           -1.2744370000       -0.5819200000        0.0000000000
        0.2053540000        0.0113200000        0.4130740000        0.3425930000
                           -0.4868300000       -1.5208830000        0.0000000000
        0.1000000000        0.0000000000        0.0000000000        0.0000000000
                            0.0000000000        0.0000000000        1.0000000000
! d functions
H   7   5
       11.5210320000        0.0832310000       -0.0935700000       -0.1067340000
                           -0.2324710000        0.0000000000
        5.4420770000        0.2656860000       -0.3520100000       -0.5337660000
                           -0.7737200000        0.0000000000
        2.2898430000        0.3439420000       -0.3262660000        0.0157110000
                            1.2376840000        0.0000000000
        0.9417920000        0.3367840000        0.1559390000        0.8169380000
                           -0.1679610000        0.0000000000
        0.3667140000        0.2392130000        0.4947790000       -0.1044480000
                           -0.8414840000        0.0000000000
        0.1294960000        0.0880390000        0.3469940000       -0.5956250000
                            0.6443300000        0.0000000000
        0.0650000000        0.0000000000        0.0000000000        0.0000000000
                            0.0000000000        1.0000000000
! f functions
H   3   3
        6.5444150000        0.0000000000        1.0000000000        0.0000000000
        2.4031190000        0.0000000000        0.0000000000        1.0000000000
        0.7469560000        1.0000000000        0.0000000000        0.0000000000
! g functions
H   2   2
        5.2699430000        0.0000000000        1.0000000000
        1.8157360000        1.0000000000        0.0000000000
! h functions
H   1   1
        4.1680720000        1.0000000000
