! cc-pvqz-ecp-bfd
! s functions
H   9   6
       20.8735220000       -0.0183250000        0.0023350000       -0.0366550000
                            0.1298400000        0.6397570000        0.0000000000
       12.6598460000        0.2019560000       -0.0457060000       -0.0299260000
                           -0.2352860000       -1.9212690000        0.0000000000
        7.3544680000       -0.5362310000        0.1404030000        0.4230920000
                           -0.2772270000        1.4895920000        0.0000000000
        1.6494210000        0.5664430000       -0.1740370000       -1.4997510000
                            2.9344690000        2.3332810000        0.0000000000
        0.7872880000        0.5323550000       -0.3039010000        0.1657050000
                           -3.6498360000       -5.9634620000        0.0000000000
        0.3744160000        0.1270190000       -0.0420070000        1.2100490000
                            0.8001150000        5.1883800000        0.0000000000
        0.0915280000        0.0076940000        0.7055890000        0.3868860000
                            1.6972960000       -2.7957590000        0.0000000000
        0.0339370000        0.0029010000        0.4245120000       -0.9963210000
                           -1.5626510000        1.3546570000        0.0000000000
        0.0170000000        0.0000000000        0.0000000000        0.0000000000
                            0.0000000000        0.0000000000        1.0000000000
! p functions
H   8   6
       18.1219910000        0.0019270000       -0.0023190000        0.0040530000
                           -0.0087950000        0.0672590000        0.0000000000
        7.5104900000       -0.1016770000        0.1050400000       -0.2083200000
                            0.4772140000        0.2325990000        0.0000000000
        4.4099550000        0.1473260000       -0.1853590000        0.4122320000
                           -1.5207430000       -2.5737280000        0.0000000000
        2.1589330000        0.3638750000       -0.3999260000        0.8365870000
                            0.0515360000        3.5549050000        0.0000000000
        1.0575190000        0.4208130000       -0.1329280000       -0.5231850000
                            1.8473440000       -1.4154430000        0.0000000000
        0.5013160000        0.2234770000        0.3386940000       -0.7916250000
                           -0.9646780000       -1.4150380000        0.0000000000
        0.2100590000        0.0319140000        0.2617230000       -0.0675990000
                           -1.2107750000        2.6718610000        0.0000000000
        0.1050000000        0.0000000000        0.0000000000        0.0000000000
                            0.0000000000        0.0000000000        1.0000000000
! d functions
H   7   5
        8.4302200000        0.0746680000       -0.0774970000       -0.0653250000
                           -0.2388280000        0.0000000000
        3.9514500000        0.2445380000       -0.3444960000       -0.5676480000
                           -0.8543290000        0.0000000000
        1.6586410000        0.3376680000       -0.3621860000       -0.0381050000
                            1.3851470000        0.0000000000
        0.6848560000        0.3475660000        0.1288540000        0.8730660000
                           -0.3279940000        0.0000000000
        0.2699350000        0.2553190000        0.4904140000       -0.1177940000
                           -0.7388720000        0.0000000000
        0.0980840000        0.0933730000        0.3577560000       -0.5978300000
                            0.6515190000        0.0000000000
        0.0490000000        0.0000000000        0.0000000000        0.0000000000
                            0.0000000000        1.0000000000
! f functions
H   3   3
        4.4864050000        0.0000000000        0.0000000000        1.0000000000
        1.7435250000        0.0000000000        1.0000000000        0.0000000000
        0.5504200000        1.0000000000        0.0000000000        0.0000000000
! g functions
H   2   2
        3.9451200000        0.0000000000        1.0000000000
        1.4559870000        1.0000000000        0.0000000000
! h functions
H   1   1
        3.1644560000        1.0000000000
