! ano-pvqz-ecp-bfd
! s functions
H   9   6
        0.0126610000       -0.0292410000        0.0077460000       -0.0909490000
                            0.0045140000        0.8471490000        0.0000000000
        0.0278830000        0.0983010000       -0.0278910000        0.2501390000
                            0.1278450000       -1.4823280000        0.0000000000
        0.0707110000        0.0000000000        0.0000000000        0.0000000000
                            0.0000000000        0.0000000000        1.0000000000
        0.1721290000       -0.4891310000        0.1586150000       -1.3433570000
                           -2.3606780000        1.3101170000        0.0000000000
        0.4008300000       -0.0898890000        0.0129780000        2.0956240000
                           10.2188450000        0.8311240000        0.0000000000
        0.6713920000        0.8516690000       -0.3313650000        0.8652530000
                          -11.0646960000       -2.9823240000        0.0000000000
        1.6483310000        0.4799020000       -0.2882640000       -2.0853560000
                            3.6334660000        2.5024520000        0.0000000000
        5.8426210000        0.0101250000        0.8245140000        0.3233320000
                            0.0183650000       -2.9358210000        0.0000000000
        8.5503250000       -0.0031020000        0.3260600000        0.2133790000
                           -0.4546640000        2.3790180000        0.0000000000
! p functions
H   8   6
        0.1024790000       -0.0003250000        0.0058470000        0.0060160000
                            0.0417850000        1.4626530000        0.0000000000
        0.1725910000        0.0000000000        0.0000000000        0.0000000000
                            0.0000000000        0.0000000000        1.0000000000
        0.2458900000        0.0827410000       -0.1893450000       -0.3383220000
                           -0.8620730000       -9.7083470000        0.0000000000
        0.5707410000       -0.2113110000        0.4614260000        0.9389880000
                            2.3219450000       12.9889800000        0.0000000000
        0.8728670000       -0.1177770000        0.0843120000       -1.7503000000
                           -8.8895880000      -11.8403610000        0.0000000000
        2.2449360000        0.4760900000       -1.4777170000       -0.1258340000
                           10.2743850000        9.4452730000        0.0000000000
        3.2177600000        0.5832380000        0.4965040000        2.3550140000
                           -4.5043650000       -2.5630850000        0.0000000000
        5.8890920000        0.1774610000        0.7433350000       -1.6178440000
                            1.5351940000        0.6494300000        0.0000000000
! d functions
H   7   5
        0.0090390000        0.0221980000        0.0170880000        1.3324170000
                           -2.1022330000        0.0000000000
        0.0234040000       -0.0455680000       -0.1030400000       -1.7719110000
                            2.9059640000        0.0000000000
        0.0605960000        0.1820910000        0.9960330000       -0.0267310000
                           -0.7071120000        0.0000000000
        0.2276730000        0.0000000000        0.0000000000        0.0000000000
                            0.0000000000        1.0000000000
        0.4029470000        0.3805720000        0.0080250000        1.1520200000
                            0.8842760000        0.0000000000
        1.8882190000        0.3705090000       -0.2207900000       -0.9788460000
                           -0.6436900000        0.0000000000
        2.4953950000        0.4085650000       -0.1214100000        0.0854960000
                            0.0250970000        0.0000000000
! f functions
H   2   2
        0.3498530000        1.0000000000        0.0000000000
        0.7110230000        0.0000000000        1.0000000000
! g functions
H   1   1
        0.6263450000        1.0000000000
