! cc-pvqz-ecp-bfd
! s functions
H   7   5
        6.3592010000       -0.0049430000       -0.0166720000       -0.0188860000
                           -0.0819990000        0.0000000000
        3.5466370000        0.0495790000       -0.0057740000       -0.0588540000
                           -0.0694600000        0.0000000000
        1.4934420000        0.0371760000       -0.2279820000       -0.5569880000
                           -2.0755550000        0.0000000000
        0.5519480000        0.2879080000       -0.2856520000       -1.0840220000
                            4.1251800000        0.0000000000
        0.2072030000        0.0095430000       -1.0715790000        2.7215250000
                           -3.4075910000        0.0000000000
        0.1027000000        0.0000000000        0.0000000000        0.0000000000
                            0.0000000000        1.0000000000
        0.0792340000        0.7700840000        1.4237670000       -1.4580910000
                            1.2648730000        0.0000000000
! p functions
H   3   3
        2.2920000000        1.0000000000        0.0000000000        0.0000000000
        0.8380000000        0.0000000000        1.0000000000        0.0000000000
        0.2920000000        0.0000000000        0.0000000000        1.0000000000
! d functions
H   2   2
        2.0620000000        1.0000000000        0.0000000000
        0.6620000000        0.0000000000        1.0000000000
! f functions
H   1   1
        1.3970000000        1.0000000000
