! cc-pvqz-ecp-bfd
! s functions
H   9   6
       12.0690480000       -0.0707630000        0.0133220000       -0.0709420000
                           -0.6767050000        3.8551480000        0.0000000000
        9.2794200000        0.1934280000       -0.0391900000        0.2372640000
                            0.9813970000       -6.3613990000        0.0000000000
        3.8438240000       -0.4936530000        0.1117960000       -0.8329820000
                            0.1576630000        4.3049620000        0.0000000000
        0.9804950000        0.3658020000       -0.0897750000        2.3827440000
                           -4.7932470000       -3.5938270000        0.0000000000
        0.5079870000        0.5971020000       -0.2058320000       -0.6732820000
                            7.5304170000        2.4552620000        0.0000000000
        0.2351400000        0.2692100000       -0.1788140000       -1.3210240000
                           -3.9312100000        0.0294790000        0.0000000000
        0.0385800000        0.0045690000        0.7226980000        0.2567220000
                            0.3445670000       -1.6785170000        0.0000000000
        0.0182060000        0.0000000000        0.0000000000        0.0000000000
                            0.0000000000        0.0000000000        1.0000000000
        0.0165660000       -0.0011580000        0.4040780000        0.2001080000
                            0.2146480000        1.4794920000        0.0000000000
! p functions
H   8   6
        7.0640050000        0.0261860000       -0.0202780000        0.0565350000
                           -0.0520450000        0.3175720000        0.0000000000
        5.4169530000       -0.0711470000        0.0583460000       -0.1829920000
                            0.3511540000       -1.7674310000        0.0000000000
        2.7115170000       -0.1433380000        0.6365700000       -0.8206580000
                           -0.1986250000       14.6153250000        0.0000000000
        2.0788240000        0.2677920000       -1.0499530000        2.1295380000
                           -2.0459080000      -16.2792950000        0.0000000000
        0.8540920000        0.4381070000       -0.7524030000       -0.7016560000
                            3.7685360000        5.5015680000        0.0000000000
        0.3740190000        0.4354100000        0.7310230000       -1.2130060000
                           -3.4324470000       -2.7849440000        0.0000000000
        0.1745190000        0.0000000000        0.0000000000        0.0000000000
                            0.0000000000        0.0000000000        1.0000000000
        0.1542830000        0.1297040000        0.4907630000        1.3256800000
                            1.5360470000        0.8582240000        0.0000000000
! d functions
H   7   5
        2.8002700000        0.0328130000        0.2800640000       -0.6923600000
                            0.9492040000        0.0000000000
        0.8147430000        0.0819490000        0.7491560000        0.0541400000
                           -1.1632270000        0.0000000000
        0.2141620000        0.0874350000        0.1326010000        0.8603640000
                            0.9130160000        0.0000000000
        0.0700000000        0.0000000000        0.0000000000        0.0000000000
                            0.0000000000        1.0000000000
        0.0524690000        0.2591920000       -0.0713150000       -0.2242030000
                           -0.1144060000        0.0000000000
        0.0161770000        0.6609470000       -0.1179150000       -0.0153740000
                           -0.0623310000        0.0000000000
        0.0052970000        0.2218360000       -0.0462670000       -0.0663020000
                           -0.0507990000        0.0000000000
! f functions
H   2   2
        0.2040000000        1.0000000000        0.0000000000
        0.0680000000        0.0000000000        1.0000000000
! g functions
H   1   1
        0.8880000000        1.0000000000
