! cc-pvqz-ecp-bfd
! s functions
H   7   5
        1.8659900000        0.0058870000        0.0215680000       -0.0308460000
                            0.3002020000        0.0000000000
        0.7259950000       -0.0577510000       -0.1625390000        0.2430370000
                           -2.1688560000        0.0000000000
        0.3092510000       -0.1117890000        0.0002310000        0.3043380000
                            5.2240240000        0.0000000000
        0.1103130000        0.3616050000        0.1043030000       -3.8007340000
                           -6.1241300000        0.0000000000
        0.0488740000       -0.2415540000        2.1122880000        5.1230110000
                            4.5312790000        0.0000000000
        0.0280500000        0.0000000000        0.0000000000        0.0000000000
                            0.0000000000        1.0000000000
        0.0217680000        1.0279020000       -1.9748030000       -2.2247560000
                           -1.4882950000        0.0000000000
! p functions
H   5   3
        1.5340000000        0.0227860000        0.0000000000        0.0000000000
        0.2749000000        0.1391020000        0.0000000000        0.0000000000
        0.0736200000        0.5003750000        0.0000000000        0.0000000000
        0.0557800000        0.0000000000        1.0000000000        0.0000000000
        0.0205000000        0.0000000000        0.0000000000        1.0000000000
! d functions
H   2   2
        0.1874000000        1.0000000000        0.0000000000
        0.0801000000        0.0000000000        1.0000000000
! f functions
H   1   1
        0.1829000000        1.0000000000
