! cc-pvqz-ecp-bfd
! s functions
H   7   5
        1.4782600000        0.0442880000        0.1256650000        0.0082410000
                           -2.1182270000        0.0000000000
        0.7302450000       -0.3024530000       -0.8566740000       -1.1183600000
                            5.0886020000        0.0000000000
        0.3102230000        0.1150830000        1.2051570000        3.2950800000
                           -3.5799070000        0.0000000000
        0.0920310000        0.6653540000        1.2230810000       -4.2376590000
                            0.8402810000        0.0000000000
        0.0433350000        0.3413080000       -1.7345630000        2.5906400000
                            1.0543580000        0.0000000000
        0.0399900000        0.0000000000        0.0000000000        0.0000000000
                            0.0000000000        1.0000000000
        0.0196670000        0.0556950000        0.0222660000       -0.0701450000
                           -1.1407030000        0.0000000000
! p functions
H   6   3
        1.1524820000       -0.0330730000       -0.0918130000       -0.5504950000
        0.4806210000       -0.1433750000       -0.4933460000        1.9990080000
        0.2841940000        0.3160430000        1.7727050000       -0.4305190000
        0.1149040000        0.5575850000       -0.3582260000       -2.3645420000
        0.0604920000        0.3036140000       -0.7514590000        1.9072590000
        0.0181830000        0.0219140000       -0.0359850000       -0.0367590000
! d functions
H   2   2
        0.1367000000        1.0000000000        0.0000000000
        0.0636000000        0.0000000000        1.0000000000
! f functions
H   1   1
        0.1397000000        1.0000000000
