! ano-pvqz-ecp-bfd
! s functions
H   9   6
        0.0180000000        0.0000000000        0.0000000000        0.0000000000
                            0.0000000000        0.0000000000        1.0000000000
        0.0355950000       -0.0146590000        0.0016130000       -0.0406230000
                            0.1622290000        0.7040710000        0.0000000000
        0.0974550000        0.2236610000       -0.0475990000       -0.0457160000
                           -0.4097820000       -2.5984450000        0.0000000000
        0.4225600000       -0.5645350000        0.1365700000        0.5047970000
                           -0.0890430000        2.3768360000        0.0000000000
        0.8897540000        0.5546000000       -0.1606240000       -1.8318600000
                            3.1057620000        1.3919720000        0.0000000000
        1.8599430000        0.5345360000       -0.2644890000        0.4916120000
                           -4.4845350000       -4.7176970000        0.0000000000
        8.2126290000        0.1427660000       -0.0605930000        1.1934690000
                            1.7081600000        4.5223340000        0.0000000000
       13.4620290000        0.0047700000        0.6331360000        0.1244520000
                            1.3078970000       -2.9279920000        0.0000000000
       23.6450680000        0.0004410000        0.4900030000       -0.7166690000
                           -1.4901460000        1.8753880000        0.0000000000
! p functions
H   8   6
        0.1050000000        0.0000000000        0.0000000000        0.0000000000
                            0.0000000000        0.0000000000        1.0000000000
        0.2113020000        0.0031710000       -0.0040800000        0.0050300000
                            0.0148990000       -0.2024110000        0.0000000000
        0.5101410000       -0.0800600000        0.1170110000       -0.1567950000
                            0.2255760000        0.5018440000        0.0000000000
        1.0637130000        0.1857350000       -0.3616270000        0.6026790000
                           -1.7843750000        1.8190510000        0.0000000000
        2.1291960000        0.3753670000       -0.5635080000        0.5136090000
                            1.1750730000       -4.0859610000        0.0000000000
        4.1613400000        0.3886240000        0.1023950000       -0.9082150000
                            1.1911270000        3.0411860000        0.0000000000
        8.8349950000        0.1924500000        0.5713560000       -0.4181460000
                           -1.3277910000       -0.1071170000        0.0000000000
       17.8033170000        0.0261460000        0.3100460000        0.3712960000
                           -0.5673650000       -1.9167420000        0.0000000000
! d functions
H   7   5
        0.0500000000        0.0000000000        0.0000000000        0.0000000000
                            0.0000000000        1.0000000000
        0.1061250000        0.0762850000       -0.0858740000       -0.0916330000
                           -0.2322140000        0.0000000000
        0.2960920000        0.2477220000       -0.3544360000       -0.5850580000
                           -0.8022830000        0.0000000000
        0.7561180000        0.3300500000       -0.3614470000        0.0474030000
                            1.3287900000        0.0000000000
        1.8348210000        0.3345180000        0.1266290000        0.8395310000
                           -0.3105520000        0.0000000000
        4.3630160000        0.2635450000        0.4814020000       -0.1387650000
                           -0.7440410000        0.0000000000
        9.2537360000        0.1182410000        0.3478970000       -0.5448900000
                            0.6081470000        0.0000000000
! f functions
H   3   3
        0.6052630000        1.0000000000        0.0000000000        0.0000000000
        1.9034580000        0.0000000000        1.0000000000        0.0000000000
        4.9999380000        0.0000000000        0.0000000000        1.0000000000
! g functions
H   2   2
        1.6017120000        1.0000000000        0.0000000000
        4.4049810000        0.0000000000        1.0000000000
! h functions
H   1   1
        3.5841820000        1.0000000000
