! ano-pvqz-ecp-bfd
! s functions
H   7   5
        0.0196670000        0.0165430000        0.0474760000       -0.1411590000
                            0.5254610000        0.0000000000
        0.0230700000        0.0000000000        0.0000000000        0.0000000000
                            0.0000000000        1.0000000000
        0.0433350000       -0.0703020000       -0.2031370000        0.6249500000
                           -2.5515590000        0.0000000000
        0.0920310000       -0.1125230000       -0.0547020000       -0.3051840000
                            4.7554080000        0.0000000000
        0.3102230000        0.2494900000        0.3058670000       -3.4279960000
                           -5.8920650000        0.0000000000
        0.7302450000       -0.0495360000        1.9132050000        5.1574140000
                            5.1328350000        0.0000000000
        1.4782600000        0.9190110000       -1.9421720000       -2.3235630000
                           -1.7483760000        0.0000000000
! p functions
H   6   3
        0.0147480000        0.0080980000        0.0400090000        0.0493730000
        0.0362690000       -0.0465500000       -0.1742990000       -0.3161640000
        0.0944230000       -0.0096170000        0.2973090000        3.0967680000
        0.1583080000        0.2447090000        1.0549210000       -3.1096900000
        0.6882750000        0.6177430000       -0.6933210000        0.1457660000
        1.1911760000        0.2510680000       -0.3608590000        0.6516570000
! d functions
H   2   2
        0.0636000000        0.0000000000        1.0000000000
        0.1367000000        1.0000000000        0.0000000000
! f functions
H   1   1
        0.1397000000        1.0000000000
