! ano-pvqz-ecp-bfd
! s functions
H   9   6
        0.0151890000       -0.0723580000        0.0160430000       -0.0858890000
                           -0.6402590000        2.8089350000        0.0000000000
        0.0346400000        0.1794880000       -0.0423320000        0.2386780000
                            0.8927880000       -4.3914300000        0.0000000000
        0.2016570000       -0.4996450000        0.1328590000       -0.8674840000
                            0.2435520000        2.9036660000        0.0000000000
        0.3989620000        0.0000000000        0.0000000000        0.0000000000
                            0.0000000000        0.0000000000        1.0000000000
        0.4090500000        0.4147570000       -0.1290050000        3.5992940000
                           -8.4662510000       -3.1035290000        0.0000000000
        0.6333890000        0.4990810000       -0.2044160000       -1.8792020000
                           12.4354510000        1.6629380000        0.0000000000
        2.6942940000        0.3192800000       -0.1991950000       -1.2950260000
                           -5.2449620000        1.0163990000        0.0000000000
        7.5132500000        0.0056940000        0.7506850000        0.2442640000
                            0.3903000000       -2.3120610000        0.0000000000
        9.7672250000       -0.0014240000        0.3881860000        0.2434440000
                            0.2420310000        1.9089320000        0.0000000000
! p functions
H   8   6
        0.1222570000        0.0126680000        0.0288030000        0.0324760000
                           -0.3903730000        4.2156790000        0.0000000000
        0.2488100000        0.0000000000        0.0000000000        0.0000000000
                            0.0000000000        0.0000000000        1.0000000000
        0.2926120000        0.0105870000       -0.1457770000        0.0390750000
                            0.7945800000      -10.6227050000        0.0000000000
        0.6498130000       -0.1463830000        0.4034760000       -0.4867090000
                            0.0191540000       10.5301470000        0.0000000000
        1.2461990000        0.0888650000       -0.5038920000        1.5567760000
                           -3.7045360000       -7.9049900000        0.0000000000
        3.1318680000        0.4436700000       -0.9391670000       -0.3169280000
                            5.6364750000        6.1873740000        0.0000000000
        4.8795980000        0.4833460000        0.7097930000       -1.8024660000
                           -3.9766810000       -2.7570440000        0.0000000000
        6.3434770000        0.1375630000        0.5636430000        1.5384410000
                            1.5259050000        0.7821260000        0.0000000000
! d functions
H   7   5
        0.0053440000       -0.0028350000       -0.0182640000       -0.0769420000
                            0.7598350000        0.0000000000
        0.0162870000        0.0953490000        0.8703580000       -0.8404010000
                           -0.2346240000        0.0000000000
        0.0520880000        0.1218310000        0.2027420000        1.3143720000
                           -0.1649820000        0.0000000000
        0.1923120000        0.2949600000       -0.1035260000       -0.3433220000
                            0.9250470000        0.0000000000
        0.3765070000        0.0000000000        0.0000000000        0.0000000000
                            0.0000000000        1.0000000000
        0.6363220000        0.6351410000       -0.1569870000       -0.0313230000
                           -0.6886220000        0.0000000000
        3.6344790000        0.1900600000       -0.0542650000       -0.0933520000
                            0.0463660000        0.0000000000
! f functions
H   2   2
        0.4971780000        1.0000000000        0.0000000000
        1.1251300000        0.0000000000        1.0000000000
! g functions
H   1   1
        0.9297530000        1.0000000000
