! cc-pvqz-ecp-bfd
! s functions
H   9   6
       14.3400600000       -0.0780310000        0.0151770000        0.0035970000
                            0.0794070000        1.0500910000        0.0000000000
       11.0308160000        0.2291590000       -0.0518890000       -0.0985680000
                           -0.0009080000       -1.6646380000        0.0000000000
        4.9560520000       -0.5560100000        0.1490510000        0.5065820000
                           -0.6882820000        0.4527920000        0.0000000000
        1.2484200000        0.5134140000       -0.1394070000       -1.2478460000
                            3.3659830000        3.8691410000        0.0000000000
        0.6257360000        0.5563220000       -0.3217550000       -0.4049280000
                           -3.4593860000       -7.9844450000        0.0000000000
        0.3089620000        0.1849340000       -0.0997310000        1.4025760000
                            0.2326840000        5.9446050000        0.0000000000
        0.0680060000        0.0105510000        0.7619490000        0.6841290000
                            2.0504670000       -2.8555790000        0.0000000000
        0.0269680000        0.0009630000        0.3711380000       -1.2787810000
                           -1.8711920000        1.6472270000        0.0000000000
        0.0135000000        0.0000000000        0.0000000000        0.0000000000
                            0.0000000000        0.0000000000        1.0000000000
! p functions
H   8   6
        8.0733160000        0.0357720000       -0.0403710000       -0.0557930000
                           -0.0810700000       -0.2397110000        0.0000000000
        6.2086100000       -0.1121340000        0.1183210000        0.1900500000
                            0.3785590000       -0.0273300000        0.0000000000
        2.6391560000       -0.0179850000       -0.0173750000        0.1643160000
                           -1.3431500000        6.5544160000        0.0000000000
        2.0259780000        0.3050320000       -0.3384250000       -1.1336560000
                           -0.4558000000       -7.0426860000        0.0000000000
        0.9481290000        0.4633640000       -0.3836770000       -0.0373410000
                            2.0606070000        0.1110480000        0.0000000000
        0.4377840000        0.3335960000        0.2905560000        1.0229480000
                           -0.2660490000        2.5531680000        0.0000000000
        0.1827290000        0.0653470000        0.2035900000        0.3788150000
                           -1.7620040000       -3.0220610000        0.0000000000
        0.0900000000        0.0000000000        0.0000000000        0.0000000000
                            0.0000000000        0.0000000000        1.0000000000
! d functions
H   7   5
        5.7914470000        0.0452570000       -0.0334000000        0.0186900000
                           -0.0961150000        0.0000000000
        2.6481000000        0.2006100000       -0.3324130000       -0.5569530000
                           -1.0708920000        0.0000000000
        1.1040760000        0.3056700000       -0.4611140000       -0.1683700000
                            1.3375470000        0.0000000000
        0.4363010000        0.3567150000        0.0703620000        0.8951980000
                           -0.1826310000        0.0000000000
        0.1627240000        0.3235280000        0.4601410000       -0.0481360000
                           -0.7511390000        0.0000000000
        0.0568420000        0.1494270000        0.3603920000       -0.6154070000
                            0.6318390000        0.0000000000
        0.0280000000        0.0000000000        0.0000000000        0.0000000000
                            0.0000000000        1.0000000000
! f functions
H   3   3
        2.7509700000        0.0000000000        1.0000000000        0.0000000000
        1.1519580000        0.0000000000        0.0000000000        1.0000000000
        0.3507750000        1.0000000000        0.0000000000        0.0000000000
! g functions
H   2   2
        2.7091300000        0.0000000000        1.0000000000
        1.0860400000        1.0000000000        0.0000000000
! h functions
H   1   1
        2.1879000000        1.0000000000
