! cc-pvqz-ecp-bfd
! s functions
H  10   6
       12.5379260000        0.0560190000       -0.0096450000       -0.0160590000
                           -0.1251340000        2.0377970000        0.0000000000
        9.6445590000       -0.3195590000        0.0746600000       -0.0362820000
                            0.1564350000       -6.0670640000        0.0000000000
        7.4188910000        0.4968970000       -0.1338720000        0.1628750000
                            0.2137030000        4.9114170000        0.0000000000
        3.1061160000       -0.6935210000        0.2214810000       -0.4038630000
                           -1.0612740000       -0.5457220000        0.0000000000
        0.7314070000        0.5599150000       -0.1784820000        0.6573180000
                            4.3596500000       -6.9196870000        0.0000000000
        0.4217680000        0.4764880000       -0.3674830000        0.7250360000
                           -3.4671420000       13.9290190000        0.0000000000
        0.2361980000        0.2391530000       -0.1438880000       -0.8640690000
                           -0.8913300000       -9.2860610000        0.0000000000
        0.0573800000        0.0102700000        0.8197490000       -1.6143440000
                            2.0860320000        2.9743440000        0.0000000000
        0.0232480000        0.0004440000        0.3784430000        1.7412580000
                           -1.2829980000       -1.3299680000        0.0000000000
        0.0185360000        0.0000000000        0.0000000000        0.0000000000
                            0.0000000000        0.0000000000        1.0000000000
! p functions
H   9   6
        8.0313000000       -0.0273750000       -0.0765630000        0.0542620000
                            0.4438900000       -3.5736520000        0.0000000000
        6.1697120000        0.1344510000        0.2601160000       -0.2332340000
                           -1.4576950000       15.7106680000        0.0000000000
        4.7374470000       -0.1414460000       -0.3615260000        0.1662590000
                            1.8087890000      -22.4791680000        0.0000000000
        2.5573800000       -0.2882340000        1.2231680000        1.4334370000
                           -7.1200630000       36.5908920000        0.0000000000
        1.9589050000        0.2514890000       -1.1507410000       -1.7491550000
                            9.4643530000      -29.8922740000        0.0000000000
        0.7559190000        0.4848370000       -0.6484970000       -1.3043000000
                           -5.4092590000        6.0833370000        0.0000000000
        0.3460620000        0.4789230000        0.0053980000        2.7878130000
                            3.6474450000       -2.7979180000        0.0000000000
        0.2068370000        0.0000000000        0.0000000000        0.0000000000
                            0.0000000000        0.0000000000        1.0000000000
        0.1443930000        0.1161130000        1.0270730000       -1.6372810000
                           -1.2006520000        0.7492870000        0.0000000000
! d functions
H   8   5
        2.5974860000       -0.1232490000       -0.3939680000        1.6305230000
                            2.6498230000        0.0000000000
        2.2590680000        0.1314780000        0.4211410000       -2.0172270000
                           -3.4935640000        0.0000000000
        0.8519140000        0.1839360000        0.6670930000       -0.6760160000
                            0.6582740000        0.0000000000
        0.4346020000        0.0000000000        0.0000000000        0.0000000000
                            0.0000000000        1.0000000000
        0.3744110000        0.2591310000        0.2839680000        1.1472240000
                            0.5797600000        0.0000000000
        0.1510680000        0.3246390000       -0.2481460000        0.0513000000
                           -1.0959980000        0.0000000000
        0.0588480000        0.3776870000       -0.3322070000       -0.3453990000
                            0.1340340000        0.0000000000
        0.0222100000        0.1985460000       -0.1736600000       -0.2073160000
                            0.6543000000        0.0000000000
! f functions
H   2   2
        1.2912690000        0.0000000000        1.0000000000
        0.5036130000        1.0000000000        0.0000000000
! g functions
H   1   1
        1.1069970000        1.0000000000
