! ano-pvqz-ecp-bfd
! s functions
H   9   6
        0.0150000000        0.0000000000        0.0000000000        0.0000000000
                            0.0000000000        0.0000000000        1.0000000000
        0.0294250000       -0.0732650000        0.0134500000       -0.0317520000
                            0.2183200000        1.3887430000        0.0000000000
        0.0764360000        0.2355410000       -0.0522640000       -0.0476230000
                           -0.2475740000       -2.3466060000        0.0000000000
        0.2958080000       -0.5505360000        0.1462130000        0.4670570000
                           -0.4463500000        1.0662020000        0.0000000000
        0.6244740000        0.5941550000       -0.1756690000       -1.4419600000
                            3.0824140000        2.4943570000        0.0000000000
        1.3362880000        0.5408700000       -0.3286410000        0.0640290000
                           -3.7627930000       -6.2183480000        0.0000000000
        5.6878900000        0.1120450000       -0.0409260000        1.2479410000
                            0.8340800000        5.5737110000        0.0000000000
       11.6996080000        0.0074760000        0.7325960000        0.4392420000
                            1.7450870000       -3.2340250000        0.0000000000
       15.2199330000        0.0025500000        0.4020400000       -1.0718340000
                           -1.6093580000        1.7218450000        0.0000000000
! p functions
H   8   6
        0.1000000000        0.0000000000        0.0000000000        0.0000000000
                            0.0000000000        0.0000000000        1.0000000000
        0.2032400000        0.0201390000       -0.0267270000       -0.0271960000
                           -0.4544810000        1.6202890000        0.0000000000
        0.4898800000       -0.0417130000        0.0629100000        0.0469630000
                            1.4831500000       -5.8321720000        0.0000000000
        1.0717530000       -0.0553480000        0.0302770000        0.1329170000
                           -1.1511160000        5.7684790000        0.0000000000
        2.3036890000        0.3028800000       -0.3603980000       -0.9674890000
                           -1.5133560000       -1.2514630000        0.0000000000
        6.1414900000        0.4690560000       -0.3517470000       -0.0495700000
                            2.2503540000       -1.4319230000        0.0000000000
        7.9839370000        0.3215370000        0.2854950000        1.0323710000
                           -0.3537500000        3.2487790000        0.0000000000
       10.3791180000        0.0598230000        0.2092000000        0.3396390000
                           -1.7249320000       -3.3496610000        0.0000000000
! d functions
H   7   5
        0.0350000000        0.0000000000        0.0000000000        0.0000000000
                            0.0000000000        1.0000000000
        0.0704700000        0.0590960000       -0.0504020000       -0.0132200000
                           -0.1815920000        0.0000000000
        0.1962580000        0.2266120000       -0.3355300000       -0.5841620000
                           -0.9818800000        0.0000000000
        0.5084290000        0.3231680000       -0.4007560000       -0.1135460000
                            1.4267990000        0.0000000000
        1.2531230000        0.3549610000        0.0839190000        0.8980000000
                           -0.3227240000        0.0000000000
        2.9819390000        0.2854750000        0.4780690000       -0.0799320000
                           -0.7004840000        0.0000000000
        6.4900860000        0.1147110000        0.3767420000       -0.6025230000
                            0.6291630000        0.0000000000
! f functions
H   3   3
        0.4129360000        1.0000000000        0.0000000000        0.0000000000
        1.3189740000        0.0000000000        1.0000000000        0.0000000000
        3.2189880000        0.0000000000        0.0000000000        1.0000000000
! g functions
H   2   2
        1.1988890000        1.0000000000        0.0000000000
        3.1187530000        0.0000000000        1.0000000000
! h functions
H   1   1
        2.5580850000        1.0000000000
