! cc-pvqz-ecp-bfd
! s functions
H   9   6
       18.3602980000       -0.0232120000        0.0028730000       -0.0318190000
                            0.1223500000        0.6822550000        0.0000000000
       11.5774610000        0.2002880000       -0.0439110000       -0.0460290000
                           -0.1721590000       -1.8051710000        0.0000000000
        6.3900460000       -0.5543200000        0.1441480000        0.4626930000
                           -0.4044150000        1.2654220000        0.0000000000
        1.5287870000        0.5652830000       -0.1658230000       -1.4424330000
                            3.0339290000        2.5800470000        0.0000000000
        0.7288300000        0.5434740000       -0.3137560000       -0.0002770000
                           -3.6055920000       -6.3247310000        0.0000000000
        0.3497410000        0.1349890000       -0.0556990000        1.2875160000
                            0.6804940000        5.3779200000        0.0000000000
        0.0846850000        0.0080390000        0.7173120000        0.4315270000
                            1.7897420000       -2.8621130000        0.0000000000
        0.0319520000        0.0022930000        0.4167630000       -1.0427150000
                           -1.6371000000        1.4550520000        0.0000000000
        0.0160000000        0.0000000000        0.0000000000        0.0000000000
                            0.0000000000        0.0000000000        1.0000000000
! p functions
H   8   6
       13.8832640000        0.0036480000       -0.0042580000        0.0071590000
                           -0.0294280000        0.0237290000        0.0000000000
        6.1740000000       -0.1750460000        0.1861320000       -0.3828580000
                            1.2792540000        1.9484240000        0.0000000000
        4.7728970000        0.1554730000       -0.1921450000        0.4180040000
                           -1.9882620000       -4.2409380000        0.0000000000
        2.1824110000        0.3465940000       -0.3844770000        0.9348660000
                           -0.5692900000        2.9983920000        0.0000000000
        1.0494920000        0.4434100000       -0.2321670000       -0.2877820000
                            2.0905930000       -0.3270570000        0.0000000000
        0.4926800000        0.2638030000        0.3035370000       -0.9278230000
                           -0.7343010000       -2.2004380000        0.0000000000
        0.2063090000        0.0428260000        0.2646200000       -0.1492480000
                           -1.4053880000        2.9025260000        0.0000000000
        0.1000000000        0.0000000000        0.0000000000        0.0000000000
                            0.0000000000        0.0000000000        1.0000000000
! d functions
H   7   5
        7.3841960000        0.0675930000       -0.0639420000       -0.0447090000
                           -0.2329910000        0.0000000000
        3.3503550000        0.2468020000       -0.3480230000       -0.5973430000
                           -0.8935330000        0.0000000000
        1.3987210000        0.3364040000       -0.3666090000       -0.0339600000
                            1.4530190000        0.0000000000
        0.5714720000        0.3493480000        0.1169390000        0.8823170000
                           -0.4296640000        0.0000000000
        0.2237220000        0.2601070000        0.4889200000       -0.1299390000
                           -0.6538940000        0.0000000000
        0.0814660000        0.0963340000        0.3647620000       -0.5877690000
                            0.6370780000        0.0000000000
        0.0400000000        0.0000000000        0.0000000000        0.0000000000
                            0.0000000000        1.0000000000
! f functions
H   3   3
        4.0349680000        0.0000000000        0.0000000000        1.0000000000
        2.2660450000        0.0000000000        1.0000000000        0.0000000000
        0.6096150000        1.0000000000        0.0000000000        0.0000000000
! g functions
H   2   2
        4.4931350000        0.0000000000        1.0000000000
        1.8623000000        1.0000000000        0.0000000000
! h functions
H   1   1
        2.9433970000        1.0000000000
