! cc-pvqz-ecp-bfd
! s functions
H   9   6
       22.3077210000       -0.0354760000       -0.0050480000        0.2154430000
                            0.7870300000        3.2142210000        0.0000000000
       17.1597850000        0.3683810000       -0.0523860000       -0.4244700000
                           -1.8682460000       -8.8967610000        0.0000000000
       13.1998350000       -0.6136130000        0.1287960000        0.0620470000
                            0.8904000000        6.2743430000        0.0000000000
        2.6773760000        0.6131590000       -0.1951060000        0.8833070000
                            2.1707790000        1.0079080000        0.0000000000
        1.1848130000        0.5201060000       -0.2775620000       -0.1984600000
                           -2.1942570000       -3.7863670000        0.0000000000
        0.4678520000        0.0648200000       -0.0061750000       -0.4880030000
                           -0.3702260000        4.1438920000        0.0000000000
        0.1483370000       -0.0030070000        0.7143180000       -0.9803810000
                            1.6102230000       -2.4346500000        0.0000000000
        0.0510680000        0.0023720000        0.4250030000        1.1261400000
                           -0.7801050000        0.5405210000        0.0000000000
        0.0250000000        0.0000000000        0.0000000000        0.0000000000
                            0.0000000000        0.0000000000        1.0000000000
! p functions
H   8   6
       21.4425210000        0.0151470000       -0.0089130000        0.0028370000
                            0.1229360000       -0.7834950000        0.0000000000
       16.4936750000       -0.0598210000        0.0567320000       -0.0766150000
                           -0.0751500000        1.1653590000        0.0000000000
        5.8849050000        0.2487970000       -0.3783640000        0.6847010000
                           -1.4402380000        1.4230920000        0.0000000000
        2.9113050000        0.4059260000       -0.3237370000        0.3415870000
                            1.2500020000       -3.7254990000        0.0000000000
        1.4495590000        0.3444260000        0.1202650000       -0.8328860000
                            0.8559540000        3.0498830000        0.0000000000
        0.6999050000        0.1326270000        0.3906280000       -0.4157620000
                           -1.1133590000       -0.2694930000        0.0000000000
        0.2761130000        0.0114400000        0.3172170000        0.2436620000
                           -0.7810700000       -1.7930600000        0.0000000000
        0.1400000000        0.0000000000        0.0000000000        0.0000000000
                            0.0000000000        0.0000000000        1.0000000000
! d functions
H   7   5
       16.4234950000        0.0696480000       -0.0966340000       -0.0919340000
                           -0.1995380000        0.0000000000
        8.0761030000        0.2544500000       -0.3942950000       -0.5826930000
                           -0.7554260000        0.0000000000
        3.5615450000        0.3318950000       -0.3681460000        0.1156880000
                            1.1614860000        0.0000000000
        1.5225080000        0.3367920000        0.2259250000        0.8735630000
                           -0.0899470000        0.0000000000
        0.6183500000        0.2497020000        0.5186950000       -0.2871090000
                           -0.9079800000        0.0000000000
        0.2267360000        0.0924310000        0.2511610000       -0.5521240000
                            0.6077350000        0.0000000000
        0.1140000000        0.0000000000        0.0000000000        0.0000000000
                            0.0000000000        1.0000000000
! f functions
H   3   3
        9.1187260000        0.0000000000        0.0000000000        1.0000000000
        3.4493490000        0.0000000000        1.0000000000        0.0000000000
        1.1003640000        1.0000000000        0.0000000000        0.0000000000
! g functions
H   2   2
        7.1979130000        0.0000000000        1.0000000000
        2.4589360000        1.0000000000        0.0000000000
! h functions
H   1   1
        5.7100680000        1.0000000000
