****
Be     0
S   6   1.00
        1.5349460000     0.03182200
        1.1267660000    -0.28469200
        0.7915420000     0.13429300
        0.1786400000     0.44771300
        0.0737760000     0.50130100
        0.0327800000     0.14384500
S   6   1.00
        1.5349460000     0.37171400
        1.1267660000    -1.46004000
        0.7915420000     1.12592600
        0.1786400000     1.59804500
        0.0737760000    -1.30667100
        0.0327800000    -0.32823900
S   6   1.00
        1.5349460000     1.88835000
        1.1267660000    -6.87687800
        0.7915420000     6.62348400
        0.1786400000    -1.83689500
        0.0737760000    -0.30081700
        0.0327800000     1.03572600
S   6   1.00
        1.5349460000    -2.44233300
        1.1267660000     3.46023900
        0.7915420000     0.14852100
        0.1786400000    -3.44164600
        0.0737760000     4.91618000
        0.0327800000    -2.70608700
S   1   1.00
        0.0589000000     1.00000000
P   3   1.00
        3.6190000000     0.02910500
        0.7110000000     0.16946600
        0.1951000000     0.51296900
P   1   1.00
        0.1438000000     1.00000000
P   1   1.00
        0.0499400000     1.00000000
D   1   1.00
        0.1803000000     1.00000000
D   1   1.00
        0.3480000000     1.00000000
F   1   1.00
        0.3250000000     1.00000000
****
