****
Ca     0
S   8   1.00
        0.0266650000    -0.06881200
        0.0677690000     0.19584100
        0.3011170000    -0.49964300
        0.5646800000     0.48682200
        1.0345350000     0.48847500
        4.4517590000     0.24869900
       10.3663180000     0.01211000
       13.4773610000     0.00028400
S   8   1.00
        0.0266650000     0.01569900
        0.0677690000    -0.04963500
        0.3011170000     0.14543600
        0.5646800000    -0.14750200
        1.0345350000    -0.28857200
        4.4517590000    -0.17334800
       10.3663180000     0.76259200
       13.4773610000     0.41769100
S   8   1.00
        0.0266650000    -0.00694800
        0.0677690000     0.05697000
        0.3011170000    -0.26664200
        0.5646800000     0.53776600
        1.0345350000     0.55734600
        4.4517590000    -0.60038600
       10.3663180000    -1.66685800
       13.4773610000     1.73009700
S   8   1.00
        0.0266650000     0.04428600
        0.0677690000     0.05085600
        0.3011170000    -0.71213900
        0.5646800000     3.41021800
        1.0345350000    -2.41935500
        4.4517590000    -1.06787600
       10.3663180000     1.86002200
       13.4773610000    -1.14368600
S   8   1.00
        0.0266650000    -0.92172700
        0.0677690000     1.42099200
        0.3011170000    -0.25794500
        0.5646800000    -5.48514900
        1.0345350000    11.03696400
        4.4517590000    -7.47378300
       10.3663180000     2.50656000
       13.4773610000    -1.14632700
S   1   1.00
        0.0263010000     1.00000000
P   7   1.00
        0.1765370000     0.02736200
        0.4218000000    -0.08448400
        0.9187360000    -0.07664900
        2.0446420000     0.27640200
        2.6657660000     0.45795600
        5.9006550000     0.38699500
        7.6756290000     0.08963500
P   7   1.00
        0.1765370000    -0.00624300
        0.4218000000     0.04831800
        0.9187360000     0.50764800
        2.0446420000    -1.03601600
        2.6657660000    -0.31214900
        5.9006550000     0.19013700
        7.6756290000     0.85688000
P   7   1.00
        0.1765370000    -0.14335700
        0.4218000000     0.35739000
        0.9187360000    -0.23064000
        2.0446420000    -0.66955400
        2.6657660000    -0.48002800
        5.9006550000     2.21338800
        7.6756290000    -1.59045600
P   7   1.00
        0.1765370000     0.05870900
        0.4218000000     0.16590400
        0.9187360000    -0.84801600
        2.0446420000    -1.51912000
        2.6657660000     4.06913200
        5.9006550000    -3.37644000
        7.6756290000     1.23719700
P   7   1.00
        0.1765370000    -0.46909900
        0.4218000000     0.13681000
        0.9187360000    11.93506600
        2.0446420000   -15.50665600
        2.6657660000     6.74360200
        5.9006550000    -3.35792200
        7.6756290000     0.94616900
P   1   1.00
        0.0277720000     1.00000000
D   6   1.00
        0.0327510000     0.04080500
        0.1008640000     0.18071800
        0.3017580000     0.29996800
        0.8488280000     0.30686300
        2.2390470000     0.37259800
        5.2629630000     0.26873500
D   6   1.00
        0.0327510000     0.03823300
        0.1008640000     0.38645100
        0.3017580000     0.54122400
        0.8488280000    -0.14940000
        2.2390470000    -0.39834500
        5.2629630000    -0.27841500
D   6   1.00
        0.0327510000    -0.00574400
        0.1008640000    -0.90768500
        0.3017580000     0.50543100
        0.8488280000     0.67670000
        2.2390470000    -0.40835500
        5.2629630000    -0.24254300
D   6   1.00
        0.0327510000    -0.14879900
        0.1008640000    -0.74024500
        0.3017580000     1.36124200
        0.8488280000    -0.98597200
        2.2390470000    -0.14312200
        5.2629630000     0.65166800
D   1   1.00
        0.0537000000     1.00000000
F   1   1.00
        0.4883000000     1.00000000
F   1   1.00
        0.1165000000     1.00000000
G   1   1.00
        0.1466000000     1.00000000
****
