****
Co     0
S   8   1.00
       27.9365220000    -0.00747400
       14.9380110000     0.21193600
        9.7696450000    -0.53326300
        2.2518710000     0.53447100
        1.0885800000     0.53675000
        0.5162180000     0.14804400
        0.1069620000     0.00697500
        0.0380330000     0.00121300
S   8   1.00
       27.9365220000    -0.00043900
       14.9380110000    -0.04088700
        9.7696450000     0.12385600
        2.2518710000    -0.14878600
        1.0885800000    -0.27917300
        0.5162180000    -0.04066700
        0.1069620000     0.70785300
        0.0380330000     0.40521900
S   8   1.00
       27.9365220000    -0.03377000
       14.9380110000     0.00326000
        9.7696450000     0.31415600
        2.2518710000    -1.17980200
        1.0885800000    -0.11834700
        0.5162180000     1.12277500
        0.1069620000     0.64561600
        0.0380330000    -1.13467300
S   8   1.00
       27.9365220000     0.08958100
       14.9380110000    -0.21783700
        9.7696450000    -0.22294500
        2.2518710000     2.57592800
        1.0885800000    -2.60891600
        0.5162180000    -0.03227500
        0.1069620000     1.75258900
        0.0380330000    -1.41373500
S   8   1.00
       27.9365220000     1.14245600
       14.9380110000    -6.27166300
        9.7696450000     7.34384900
        2.2518710000    -5.06964000
        1.0885800000     5.07003000
        0.5162180000    -2.01848700
        0.1069620000    -0.41053600
        0.0380330000     1.92410400
S   1   1.00
        0.0190000000     1.00000000
P   7   1.00
       16.3101720000     0.01761700
       12.5457010000    -0.06724200
        4.4091540000     0.25378100
        2.1726000000     0.41178600
        1.0758320000     0.34158300
        0.5166780000     0.12717300
        0.2053540000     0.01132000
P   7   1.00
       16.3101720000    -0.01314600
       12.5457010000     0.05939300
        4.4091540000    -0.31513800
        2.1726000000    -0.30817900
        1.0758320000     0.06233500
        0.5166780000     0.34059100
        0.2053540000     0.41307400
P   7   1.00
       16.3101720000     0.01881100
       12.5457010000    -0.10863200
        4.4091540000     0.71676000
        2.1726000000     0.36904700
        1.0758320000    -0.84282500
        0.5166780000    -0.48473600
        0.2053540000     0.34259300
P   7   1.00
       16.3101720000     0.10486900
       12.5457010000    -0.04414100
        4.4091540000    -1.50767800
        2.1726000000     1.32932700
        1.0758320000     0.86508800
        0.5166780000    -1.27443700
        0.2053540000    -0.48683000
P   7   1.00
       16.3101720000    -0.80076100
       12.5457010000     1.20702800
        4.4091540000     1.36075200
        2.1726000000    -3.72426400
        1.0758320000     3.26241800
        0.5166780000    -0.58192000
        0.2053540000    -1.52088300
P   1   1.00
        0.1000000000     1.00000000
D   6   1.00
       11.5210320000     0.08323100
        5.4420770000     0.26568600
        2.2898430000     0.34394200
        0.9417920000     0.33678400
        0.3667140000     0.23921300
        0.1294960000     0.08803900
D   6   1.00
       11.5210320000    -0.09357000
        5.4420770000    -0.35201000
        2.2898430000    -0.32626600
        0.9417920000     0.15593900
        0.3667140000     0.49477900
        0.1294960000     0.34699400
D   6   1.00
       11.5210320000    -0.10673400
        5.4420770000    -0.53376600
        2.2898430000     0.01571100
        0.9417920000     0.81693800
        0.3667140000    -0.10444800
        0.1294960000    -0.59562500
D   6   1.00
       11.5210320000    -0.23247100
        5.4420770000    -0.77372000
        2.2898430000     1.23768400
        0.9417920000    -0.16796100
        0.3667140000    -0.84148400
        0.1294960000     0.64433000
D   1   1.00
        0.0650000000     1.00000000
F   1   1.00
        0.7469560000     1.00000000
F   1   1.00
        6.5444150000     1.00000000
F   1   1.00
        2.4031190000     1.00000000
G   1   1.00
        1.8157360000     1.00000000
G   1   1.00
        5.2699430000     1.00000000
H   1   1.00
        4.1680720000     1.00000000
****
