****
Cr     0
S   8   1.00
       20.8735220000    -0.01832500
       12.6598460000     0.20195600
        7.3544680000    -0.53623100
        1.6494210000     0.56644300
        0.7872880000     0.53235500
        0.3744160000     0.12701900
        0.0915280000     0.00769400
        0.0339370000     0.00290100
S   8   1.00
       20.8735220000     0.00233500
       12.6598460000    -0.04570600
        7.3544680000     0.14040300
        1.6494210000    -0.17403700
        0.7872880000    -0.30390100
        0.3744160000    -0.04200700
        0.0915280000     0.70558900
        0.0339370000     0.42451200
S   8   1.00
       20.8735220000    -0.03665500
       12.6598460000    -0.02992600
        7.3544680000     0.42309200
        1.6494210000    -1.49975100
        0.7872880000     0.16570500
        0.3744160000     1.21004900
        0.0915280000     0.38688600
        0.0339370000    -0.99632100
S   8   1.00
       20.8735220000     0.12984000
       12.6598460000    -0.23528600
        7.3544680000    -0.27722700
        1.6494210000     2.93446900
        0.7872880000    -3.64983600
        0.3744160000     0.80011500
        0.0915280000     1.69729600
        0.0339370000    -1.56265100
S   8   1.00
       20.8735220000     0.63975700
       12.6598460000    -1.92126900
        7.3544680000     1.48959200
        1.6494210000     2.33328100
        0.7872880000    -5.96346200
        0.3744160000     5.18838000
        0.0915280000    -2.79575900
        0.0339370000     1.35465700
S   1   1.00
        0.0170000000     1.00000000
P   7   1.00
       18.1219910000     0.00192700
        7.5104900000    -0.10167700
        4.4099550000     0.14732600
        2.1589330000     0.36387500
        1.0575190000     0.42081300
        0.5013160000     0.22347700
        0.2100590000     0.03191400
P   7   1.00
       18.1219910000    -0.00231900
        7.5104900000     0.10504000
        4.4099550000    -0.18535900
        2.1589330000    -0.39992600
        1.0575190000    -0.13292800
        0.5013160000     0.33869400
        0.2100590000     0.26172300
P   7   1.00
       18.1219910000     0.00405300
        7.5104900000    -0.20832000
        4.4099550000     0.41223200
        2.1589330000     0.83658700
        1.0575190000    -0.52318500
        0.5013160000    -0.79162500
        0.2100590000    -0.06759900
P   7   1.00
       18.1219910000    -0.00879500
        7.5104900000     0.47721400
        4.4099550000    -1.52074300
        2.1589330000     0.05153600
        1.0575190000     1.84734400
        0.5013160000    -0.96467800
        0.2100590000    -1.21077500
P   7   1.00
       18.1219910000     0.06725900
        7.5104900000     0.23259900
        4.4099550000    -2.57372800
        2.1589330000     3.55490500
        1.0575190000    -1.41544300
        0.5013160000    -1.41503800
        0.2100590000     2.67186100
P   1   1.00
        0.1050000000     1.00000000
D   6   1.00
        8.4302200000     0.07466800
        3.9514500000     0.24453800
        1.6586410000     0.33766800
        0.6848560000     0.34756600
        0.2699350000     0.25531900
        0.0980840000     0.09337300
D   6   1.00
        8.4302200000    -0.07749700
        3.9514500000    -0.34449600
        1.6586410000    -0.36218600
        0.6848560000     0.12885400
        0.2699350000     0.49041400
        0.0980840000     0.35775600
D   6   1.00
        8.4302200000    -0.06532500
        3.9514500000    -0.56764800
        1.6586410000    -0.03810500
        0.6848560000     0.87306600
        0.2699350000    -0.11779400
        0.0980840000    -0.59783000
D   6   1.00
        8.4302200000    -0.23882800
        3.9514500000    -0.85432900
        1.6586410000     1.38514700
        0.6848560000    -0.32799400
        0.2699350000    -0.73887200
        0.0980840000     0.65151900
D   1   1.00
        0.0490000000     1.00000000
F   1   1.00
        0.5504200000     1.00000000
F   1   1.00
        1.7435250000     1.00000000
F   1   1.00
        4.4864050000     1.00000000
G   1   1.00
        1.4559870000     1.00000000
G   1   1.00
        3.9451200000     1.00000000
H   1   1.00
        3.1644560000     1.00000000
****
