****
H      0
S   6   1.00
        6.3592010000    -0.00494300
        3.5466370000     0.04957900
        1.4934420000     0.03717600
        0.5519480000     0.28790800
        0.2072030000     0.00954300
        0.0792340000     0.77008400
S   6   1.00
        6.3592010000    -0.01667200
        3.5466370000    -0.00577400
        1.4934420000    -0.22798200
        0.5519480000    -0.28565200
        0.2072030000    -1.07157900
        0.0792340000     1.42376700
S   6   1.00
        6.3592010000    -0.01888600
        3.5466370000    -0.05885400
        1.4934420000    -0.55698800
        0.5519480000    -1.08402200
        0.2072030000     2.72152500
        0.0792340000    -1.45809100
S   6   1.00
        6.3592010000    -0.08199900
        3.5466370000    -0.06946000
        1.4934420000    -2.07555500
        0.5519480000     4.12518000
        0.2072030000    -3.40759100
        0.0792340000     1.26487300
S   1   1.00
        0.1027000000     1.00000000
P   1   1.00
        2.2920000000     1.00000000
P   1   1.00
        0.8380000000     1.00000000
P   1   1.00
        0.2920000000     1.00000000
D   1   1.00
        2.0620000000     1.00000000
D   1   1.00
        0.6620000000     1.00000000
F   1   1.00
        1.3970000000     1.00000000
****
