****
He     0
S   6   1.00
        0.1400040000     0.03545900
        0.3469000000     0.09681600
        0.8593070000     0.21452100
        2.1841040000     0.34003300
        5.8760240000     0.34902500
       14.7245930000     0.13313800
S   6   1.00
        0.1400040000    -0.05762700
        0.3469000000    -0.20501500
        0.8593070000    -0.62512000
        2.1841040000    -0.24986100
        5.8760240000     0.71829400
       14.7245930000     0.36890200
S   6   1.00
        0.1400040000    -0.10462800
        0.3469000000    -0.75866100
        0.8593070000    -0.41864100
        2.1841040000     1.93215100
        5.8760240000    -0.64429700
       14.7245930000    -0.56081100
S   1   1.00
        0.2976000000     1.00000000
P   1   1.00
        5.9940000000     1.00000000
P   1   1.00
        1.7450000000     1.00000000
P   1   1.00
        0.5600000000     1.00000000
D   1   1.00
        4.2990000000     1.00000000
D   1   1.00
        1.2230000000     1.00000000
F   1   1.00
        2.6800000000     1.00000000
****
