****
Mn     0
S   8   1.00
        0.0355950000    -0.01465900
        0.0974550000     0.22366100
        0.4225600000    -0.56453500
        0.8897540000     0.55460000
        1.8599430000     0.53453600
        8.2126290000     0.14276600
       13.4620290000     0.00477000
       23.6450680000     0.00044100
S   8   1.00
        0.0355950000     0.00161300
        0.0974550000    -0.04759900
        0.4225600000     0.13657000
        0.8897540000    -0.16062400
        1.8599430000    -0.26448900
        8.2126290000    -0.06059300
       13.4620290000     0.63313600
       23.6450680000     0.49000300
S   8   1.00
        0.0355950000    -0.04062300
        0.0974550000    -0.04571600
        0.4225600000     0.50479700
        0.8897540000    -1.83186000
        1.8599430000     0.49161200
        8.2126290000     1.19346900
       13.4620290000     0.12445200
       23.6450680000    -0.71666900
S   8   1.00
        0.0355950000     0.16222900
        0.0974550000    -0.40978200
        0.4225600000    -0.08904300
        0.8897540000     3.10576200
        1.8599430000    -4.48453500
        8.2126290000     1.70816000
       13.4620290000     1.30789700
       23.6450680000    -1.49014600
S   8   1.00
        0.0355950000     0.70407100
        0.0974550000    -2.59844500
        0.4225600000     2.37683600
        0.8897540000     1.39197200
        1.8599430000    -4.71769700
        8.2126290000     4.52233400
       13.4620290000    -2.92799200
       23.6450680000     1.87538800
S   1   1.00
        0.0180000000     1.00000000
P   7   1.00
        0.2113020000     0.00317100
        0.5101410000    -0.08006000
        1.0637130000     0.18573500
        2.1291960000     0.37536700
        4.1613400000     0.38862400
        8.8349950000     0.19245000
       17.8033170000     0.02614600
P   7   1.00
        0.2113020000    -0.00408000
        0.5101410000     0.11701100
        1.0637130000    -0.36162700
        2.1291960000    -0.56350800
        4.1613400000     0.10239500
        8.8349950000     0.57135600
       17.8033170000     0.31004600
P   7   1.00
        0.2113020000     0.00503000
        0.5101410000    -0.15679500
        1.0637130000     0.60267900
        2.1291960000     0.51360900
        4.1613400000    -0.90821500
        8.8349950000    -0.41814600
       17.8033170000     0.37129600
P   7   1.00
        0.2113020000     0.01489900
        0.5101410000     0.22557600
        1.0637130000    -1.78437500
        2.1291960000     1.17507300
        4.1613400000     1.19112700
        8.8349950000    -1.32779100
       17.8033170000    -0.56736500
P   7   1.00
        0.2113020000    -0.20241100
        0.5101410000     0.50184400
        1.0637130000     1.81905100
        2.1291960000    -4.08596100
        4.1613400000     3.04118600
        8.8349950000    -0.10711700
       17.8033170000    -1.91674200
P   1   1.00
        0.1050000000     1.00000000
D   6   1.00
        0.1061250000     0.07628500
        0.2960920000     0.24772200
        0.7561180000     0.33005000
        1.8348210000     0.33451800
        4.3630160000     0.26354500
        9.2537360000     0.11824100
D   6   1.00
        0.1061250000    -0.08587400
        0.2960920000    -0.35443600
        0.7561180000    -0.36144700
        1.8348210000     0.12662900
        4.3630160000     0.48140200
        9.2537360000     0.34789700
D   6   1.00
        0.1061250000    -0.09163300
        0.2960920000    -0.58505800
        0.7561180000     0.04740300
        1.8348210000     0.83953100
        4.3630160000    -0.13876500
        9.2537360000    -0.54489000
D   6   1.00
        0.1061250000    -0.23221400
        0.2960920000    -0.80228300
        0.7561180000     1.32879000
        1.8348210000    -0.31055200
        4.3630160000    -0.74404100
        9.2537360000     0.60814700
D   1   1.00
        0.0500000000     1.00000000
F   1   1.00
        0.6052630000     1.00000000
F   1   1.00
        1.9034580000     1.00000000
F   1   1.00
        4.9999380000     1.00000000
G   1   1.00
        1.6017120000     1.00000000
G   1   1.00
        4.4049810000     1.00000000
H   1   1.00
        3.5841820000     1.00000000
****
