****
Ni     0
S   8   1.00
        0.0392140000    -0.00675400
        0.1115950000     0.28578200
        0.5699300000    -0.61727500
        1.2126110000     0.52868700
        2.5295400000     0.54665100
       10.8273400000     0.15330000
       15.3295620000     0.00635700
       30.2582900000     0.00055900
S   8   1.00
        0.0392140000    -0.00071100
        0.1115950000    -0.05282500
        0.5699300000     0.13423500
        1.2126110000    -0.13534000
        2.5295400000    -0.27602500
       10.8273400000    -0.04176200
       15.3295620000     0.71205800
       30.2582900000     0.39518600
S   8   1.00
        0.0392140000    -0.02886700
        0.1115950000    -0.02689400
        0.5699300000     0.32531200
        1.2126110000    -1.01783800
        2.5295400000    -0.26304400
       10.8273400000     1.07819200
       15.3295620000     0.76849800
       30.2582900000    -1.21836700
S   8   1.00
        0.0392140000     0.07723200
        0.1115950000    -0.17244100
        0.5699300000    -0.28565300
        1.2126110000     2.48355100
        2.5295400000    -2.23691000
       10.8273400000    -0.30958100
       15.3295620000     1.73193600
       30.2582900000    -1.35458600
S   8   1.00
        0.0392140000    -0.37185600
        0.1115950000     2.11557200
        0.5699300000    -1.87508000
        1.2126110000    -2.73169900
        2.5295400000     6.02535300
       10.8273400000    -4.43243900
       15.3295620000     1.71981100
       30.2582900000    -0.50480600
S   1   1.00
        0.0200000000     1.00000000
P   7   1.00
        0.2010130000     0.01855400
        0.5244220000    -0.06983700
        1.1049510000     0.28270300
        2.2624850000     0.42248900
        4.6763870000     0.32585400
       13.4934070000     0.10766900
       17.5429470000     0.00807600
P   7   1.00
        0.2010130000    -0.01062500
        0.5244220000     0.05665600
        1.1049510000    -0.34902600
        2.2624850000    -0.28217300
        4.6763870000     0.09404200
       13.4934070000     0.36437300
       17.5429470000     0.42811700
P   7   1.00
        0.2010130000     0.00932800
        0.5244220000    -0.09478500
        1.1049510000     0.76726900
        2.2624850000     0.26483800
        4.6763870000    -0.87927200
       13.4934070000    -0.39137800
       17.5429470000     0.41676800
P   7   1.00
        0.2010130000    -0.14275900
        0.5244220000     0.10386900
        1.1049510000     1.48555500
        2.2624850000    -1.47053700
        4.6763870000    -0.66879200
       13.4934070000     1.30868400
       17.5429470000     0.31602700
P   7   1.00
        0.2010130000    -0.89653300
        0.5244220000     1.36204800
        1.1049510000     1.14652100
        2.2624850000    -3.54261100
        4.6763870000     3.41103400
       13.4934070000    -0.95456700
       17.5429470000    -1.26248900
P   1   1.00
        0.1000000000     1.00000000
D   6   1.00
        0.1415170000     0.08367700
        0.4025470000     0.27447300
        1.0327770000     0.34229700
        2.4987310000     0.33191000
        5.8657280000     0.23493700
       12.2263190000     0.08659000
D   6   1.00
        0.1415170000    -0.09797700
        0.4025470000    -0.36484300
        1.0327770000    -0.31173500
        2.4987310000     0.17370900
        5.8657280000     0.49541800
       12.2263190000     0.33545900
D   6   1.00
        0.1415170000    -0.11248700
        0.4025470000    -0.53371600
        1.0327770000     0.04923200
        2.4987310000     0.80061900
        5.8657280000    -0.11329000
       12.2263190000    -0.59973300
D   6   1.00
        0.1415170000    -0.24438500
        0.4025470000    -0.75814700
        1.0327770000     1.24233800
        2.4987310000    -0.17295600
        5.8657280000    -0.84131100
       12.2263190000     0.63978400
D   1   1.00
        0.0700000000     1.00000000
F   1   1.00
        0.8156990000     1.00000000
F   1   1.00
        7.1467150000     1.00000000
F   1   1.00
        2.6467360000     1.00000000
G   1   1.00
        1.9822050000     1.00000000
G   1   1.00
        5.8410600000     1.00000000
H   1   1.00
        4.6389020000     1.00000000
****
