****
Rb     0
S   8   1.00
        9.7672250000    -0.07235800
        7.5132500000     0.17948800
        2.6942940000    -0.49964500
        0.6333890000     0.41475700
        0.4090500000     0.49908100
        0.2016570000     0.31928000
        0.0346400000     0.00569400
        0.0151890000    -0.00142400
S   8   1.00
        9.7672250000     0.01604300
        7.5132500000    -0.04233200
        2.6942940000     0.13285900
        0.6333890000    -0.12900500
        0.4090500000    -0.20441600
        0.2016570000    -0.19919500
        0.0346400000     0.75068500
        0.0151890000     0.38818600
S   8   1.00
        9.7672250000    -0.08588900
        7.5132500000     0.23867800
        2.6942940000    -0.86748400
        0.6333890000     3.59929400
        0.4090500000    -1.87920200
        0.2016570000    -1.29502600
        0.0346400000     0.24426400
        0.0151890000     0.24344400
S   8   1.00
        9.7672250000    -0.64025900
        7.5132500000     0.89278800
        2.6942940000     0.24355200
        0.6333890000    -8.46625100
        0.4090500000    12.43545100
        0.2016570000    -5.24496200
        0.0346400000     0.39030000
        0.0151890000     0.24203100
S   8   1.00
        9.7672250000     2.80893500
        7.5132500000    -4.39143000
        2.6942940000     2.90366600
        0.6333890000    -3.10352900
        0.4090500000     1.66293800
        0.2016570000     1.01639900
        0.0346400000    -2.31206100
        0.0151890000     1.90893200
S   1   1.00
        0.3989620000     1.00000000
P   7   1.00
        6.3434770000     0.01266800
        4.8795980000     0.01058700
        3.1318680000    -0.14638300
        1.2461990000     0.08886500
        0.6498130000     0.44367000
        0.2926120000     0.48334600
        0.1222570000     0.13756300
P   7   1.00
        6.3434770000     0.02880300
        4.8795980000    -0.14577700
        3.1318680000     0.40347600
        1.2461990000    -0.50389200
        0.6498130000    -0.93916700
        0.2926120000     0.70979300
        0.1222570000     0.56364300
P   7   1.00
        6.3434770000     0.03247600
        4.8795980000     0.03907500
        3.1318680000    -0.48670900
        1.2461990000     1.55677600
        0.6498130000    -0.31692800
        0.2926120000    -1.80246600
        0.1222570000     1.53844100
P   7   1.00
        6.3434770000    -0.39037300
        4.8795980000     0.79458000
        3.1318680000     0.01915400
        1.2461990000    -3.70453600
        0.6498130000     5.63647500
        0.2926120000    -3.97668100
        0.1222570000     1.52590500
P   7   1.00
        6.3434770000     4.21567900
        4.8795980000   -10.62270500
        3.1318680000    10.53014700
        1.2461990000    -7.90499000
        0.6498130000     6.18737400
        0.2926120000    -2.75704400
        0.1222570000     0.78212600
P   1   1.00
        0.2488100000     1.00000000
D   6   1.00
        3.6344790000    -0.00283500
        0.6363220000     0.09534900
        0.1923120000     0.12183100
        0.0520880000     0.29496000
        0.0162870000     0.63514100
        0.0053440000     0.19006000
D   6   1.00
        3.6344790000    -0.01826400
        0.6363220000     0.87035800
        0.1923120000     0.20274200
        0.0520880000    -0.10352600
        0.0162870000    -0.15698700
        0.0053440000    -0.05426500
D   6   1.00
        3.6344790000    -0.07694200
        0.6363220000    -0.84040100
        0.1923120000     1.31437200
        0.0520880000    -0.34332200
        0.0162870000    -0.03132300
        0.0053440000    -0.09335200
D   6   1.00
        3.6344790000     0.75983500
        0.6363220000    -0.23462400
        0.1923120000    -0.16498200
        0.0520880000     0.92504700
        0.0162870000    -0.68862200
        0.0053440000     0.04636600
D   1   1.00
        0.3765070000     1.00000000
F   1   1.00
        0.4971780000     1.00000000
F   1   1.00
        1.1251300000     1.00000000
G   1   1.00
        0.9297530000     1.00000000
****
