****
Sc     0
S   8   1.00
        0.0269680000    -0.07803100
        0.0680060000     0.22915900
        0.3089620000    -0.55601000
        0.6257360000     0.51341400
        1.2484200000     0.55632200
        4.9560520000     0.18493400
       11.0308160000     0.01055100
       14.3400600000     0.00096300
S   8   1.00
        0.0269680000     0.01517700
        0.0680060000    -0.05188900
        0.3089620000     0.14905100
        0.6257360000    -0.13940700
        1.2484200000    -0.32175500
        4.9560520000    -0.09973100
       11.0308160000     0.76194900
       14.3400600000     0.37113800
S   8   1.00
        0.0269680000     0.00359700
        0.0680060000    -0.09856800
        0.3089620000     0.50658200
        0.6257360000    -1.24784600
        1.2484200000    -0.40492800
        4.9560520000     1.40257600
       11.0308160000     0.68412900
       14.3400600000    -1.27878100
S   8   1.00
        0.0269680000     0.07940700
        0.0680060000    -0.00090800
        0.3089620000    -0.68828200
        0.6257360000     3.36598300
        1.2484200000    -3.45938600
        4.9560520000     0.23268400
       11.0308160000     2.05046700
       14.3400600000    -1.87119200
S   8   1.00
        0.0269680000     1.05009100
        0.0680060000    -1.66463800
        0.3089620000     0.45279200
        0.6257360000     3.86914100
        1.2484200000    -7.98444500
        4.9560520000     5.94460500
       11.0308160000    -2.85557900
       14.3400600000     1.64722700
S   1   1.00
        0.0135000000     1.00000000
P   7   1.00
        0.1827290000     0.03577200
        0.4377840000    -0.11213400
        0.9481290000    -0.01798500
        2.0259780000     0.30503200
        2.6391560000     0.46336400
        6.2086100000     0.33359600
        8.0733160000     0.06534700
P   7   1.00
        0.1827290000    -0.04037100
        0.4377840000     0.11832100
        0.9481290000    -0.01737500
        2.0259780000    -0.33842500
        2.6391560000    -0.38367700
        6.2086100000     0.29055600
        8.0733160000     0.20359000
P   7   1.00
        0.1827290000    -0.05579300
        0.4377840000     0.19005000
        0.9481290000     0.16431600
        2.0259780000    -1.13365600
        2.6391560000    -0.03734100
        6.2086100000     1.02294800
        8.0733160000     0.37881500
P   7   1.00
        0.1827290000    -0.08107000
        0.4377840000     0.37855900
        0.9481290000    -1.34315000
        2.0259780000    -0.45580000
        2.6391560000     2.06060700
        6.2086100000    -0.26604900
        8.0733160000    -1.76200400
P   7   1.00
        0.1827290000    -0.23971100
        0.4377840000    -0.02733000
        0.9481290000     6.55441600
        2.0259780000    -7.04268600
        2.6391560000     0.11104800
        6.2086100000     2.55316800
        8.0733160000    -3.02206100
P   1   1.00
        0.0900000000     1.00000000
D   6   1.00
        0.0568420000     0.04525700
        0.1627240000     0.20061000
        0.4363010000     0.30567000
        1.1040760000     0.35671500
        2.6481000000     0.32352800
        5.7914470000     0.14942700
D   6   1.00
        0.0568420000    -0.03340000
        0.1627240000    -0.33241300
        0.4363010000    -0.46111400
        1.1040760000     0.07036200
        2.6481000000     0.46014100
        5.7914470000     0.36039200
D   6   1.00
        0.0568420000     0.01869000
        0.1627240000    -0.55695300
        0.4363010000    -0.16837000
        1.1040760000     0.89519800
        2.6481000000    -0.04813600
        5.7914470000    -0.61540700
D   6   1.00
        0.0568420000    -0.09611500
        0.1627240000    -1.07089200
        0.4363010000     1.33754700
        1.1040760000    -0.18263100
        2.6481000000    -0.75113900
        5.7914470000     0.63183900
D   1   1.00
        0.0280000000     1.00000000
F   1   1.00
        0.3507750000     1.00000000
F   1   1.00
        2.7509700000     1.00000000
F   1   1.00
        1.1519580000     1.00000000
G   1   1.00
        1.0860400000     1.00000000
G   1   1.00
        2.7091300000     1.00000000
H   1   1.00
        2.1879000000     1.00000000
****
