****
Sr     0
S   9   1.00
        0.0232480000     0.05601900
        0.0573800000    -0.31955900
        0.2361980000     0.49689700
        0.4217680000    -0.69352100
        0.7314070000     0.55991500
        3.1061160000     0.47648800
        7.4188910000     0.23915300
        9.6445590000     0.01027000
       12.5379260000     0.00044400
S   9   1.00
        0.0232480000    -0.00964500
        0.0573800000     0.07466000
        0.2361980000    -0.13387200
        0.4217680000     0.22148100
        0.7314070000    -0.17848200
        3.1061160000    -0.36748300
        7.4188910000    -0.14388800
        9.6445590000     0.81974900
       12.5379260000     0.37844300
S   9   1.00
        0.0232480000    -0.01605900
        0.0573800000    -0.03628200
        0.2361980000     0.16287500
        0.4217680000    -0.40386300
        0.7314070000     0.65731800
        3.1061160000     0.72503600
        7.4188910000    -0.86406900
        9.6445590000    -1.61434400
       12.5379260000     1.74125800
S   9   1.00
        0.0232480000    -0.12513400
        0.0573800000     0.15643500
        0.2361980000     0.21370300
        0.4217680000    -1.06127400
        0.7314070000     4.35965000
        3.1061160000    -3.46714200
        7.4188910000    -0.89133000
        9.6445590000     2.08603200
       12.5379260000    -1.28299800
S   9   1.00
        0.0232480000     2.03779700
        0.0573800000    -6.06706400
        0.2361980000     4.91141700
        0.4217680000    -0.54572200
        0.7314070000    -6.91968700
        3.1061160000    13.92901900
        7.4188910000    -9.28606100
        9.6445590000     2.97434400
       12.5379260000    -1.32996800
S   1   1.00
        0.0185360000     1.00000000
P   8   1.00
        0.1443930000    -0.02737500
        0.3460620000     0.13445100
        0.7559190000    -0.14144600
        1.9589050000    -0.28823400
        2.5573800000     0.25148900
        4.7374470000     0.48483700
        6.1697120000     0.47892300
        8.0313000000     0.11611300
P   8   1.00
        0.1443930000    -0.07656300
        0.3460620000     0.26011600
        0.7559190000    -0.36152600
        1.9589050000     1.22316800
        2.5573800000    -1.15074100
        4.7374470000    -0.64849700
        6.1697120000     0.00539800
        8.0313000000     1.02707300
P   8   1.00
        0.1443930000     0.05426200
        0.3460620000    -0.23323400
        0.7559190000     0.16625900
        1.9589050000     1.43343700
        2.5573800000    -1.74915500
        4.7374470000    -1.30430000
        6.1697120000     2.78781300
        8.0313000000    -1.63728100
P   8   1.00
        0.1443930000     0.44389000
        0.3460620000    -1.45769500
        0.7559190000     1.80878900
        1.9589050000    -7.12006300
        2.5573800000     9.46435300
        4.7374470000    -5.40925900
        6.1697120000     3.64744500
        8.0313000000    -1.20065200
P   8   1.00
        0.1443930000    -3.57365200
        0.3460620000    15.71066800
        0.7559190000   -22.47916800
        1.9589050000    36.59089200
        2.5573800000   -29.89227400
        4.7374470000     6.08333700
        6.1697120000    -2.79791800
        8.0313000000     0.74928700
P   1   1.00
        0.2068370000     1.00000000
D   7   1.00
        0.0222100000    -0.12324900
        0.0588480000     0.13147800
        0.1510680000     0.18393600
        0.3744110000     0.25913100
        0.8519140000     0.32463900
        2.2590680000     0.37768700
        2.5974860000     0.19854600
D   7   1.00
        0.0222100000    -0.39396800
        0.0588480000     0.42114100
        0.1510680000     0.66709300
        0.3744110000     0.28396800
        0.8519140000    -0.24814600
        2.2590680000    -0.33220700
        2.5974860000    -0.17366000
D   7   1.00
        0.0222100000     1.63052300
        0.0588480000    -2.01722700
        0.1510680000    -0.67601600
        0.3744110000     1.14722400
        0.8519140000     0.05130000
        2.2590680000    -0.34539900
        2.5974860000    -0.20731600
D   7   1.00
        0.0222100000     2.64982300
        0.0588480000    -3.49356400
        0.1510680000     0.65827400
        0.3744110000     0.57976000
        0.8519140000    -1.09599800
        2.2590680000     0.13403400
        2.5974860000     0.65430000
D   1   1.00
        0.4346020000     1.00000000
F   1   1.00
        0.5036130000     1.00000000
F   1   1.00
        1.2912690000     1.00000000
G   1   1.00
        1.1069970000     1.00000000
****
