****
V      0
S   8   1.00
       18.3602980000    -0.02321200
       11.5774610000     0.20028800
        6.3900460000    -0.55432000
        1.5287870000     0.56528300
        0.7288300000     0.54347400
        0.3497410000     0.13498900
        0.0846850000     0.00803900
        0.0319520000     0.00229300
S   8   1.00
       18.3602980000     0.00287300
       11.5774610000    -0.04391100
        6.3900460000     0.14414800
        1.5287870000    -0.16582300
        0.7288300000    -0.31375600
        0.3497410000    -0.05569900
        0.0846850000     0.71731200
        0.0319520000     0.41676300
S   8   1.00
       18.3602980000    -0.03181900
       11.5774610000    -0.04602900
        6.3900460000     0.46269300
        1.5287870000    -1.44243300
        0.7288300000    -0.00027700
        0.3497410000     1.28751600
        0.0846850000     0.43152700
        0.0319520000    -1.04271500
S   8   1.00
       18.3602980000     0.12235000
       11.5774610000    -0.17215900
        6.3900460000    -0.40441500
        1.5287870000     3.03392900
        0.7288300000    -3.60559200
        0.3497410000     0.68049400
        0.0846850000     1.78974200
        0.0319520000    -1.63710000
S   8   1.00
       18.3602980000     0.68225500
       11.5774610000    -1.80517100
        6.3900460000     1.26542200
        1.5287870000     2.58004700
        0.7288300000    -6.32473100
        0.3497410000     5.37792000
        0.0846850000    -2.86211300
        0.0319520000     1.45505200
S   1   1.00
        0.0160000000     1.00000000
P   7   1.00
       13.8832640000     0.00364800
        6.1740000000    -0.17504600
        4.7728970000     0.15547300
        2.1824110000     0.34659400
        1.0494920000     0.44341000
        0.4926800000     0.26380300
        0.2063090000     0.04282600
P   7   1.00
       13.8832640000    -0.00425800
        6.1740000000     0.18613200
        4.7728970000    -0.19214500
        2.1824110000    -0.38447700
        1.0494920000    -0.23216700
        0.4926800000     0.30353700
        0.2063090000     0.26462000
P   7   1.00
       13.8832640000     0.00715900
        6.1740000000    -0.38285800
        4.7728970000     0.41800400
        2.1824110000     0.93486600
        1.0494920000    -0.28778200
        0.4926800000    -0.92782300
        0.2063090000    -0.14924800
P   7   1.00
       13.8832640000    -0.02942800
        6.1740000000     1.27925400
        4.7728970000    -1.98826200
        2.1824110000    -0.56929000
        1.0494920000     2.09059300
        0.4926800000    -0.73430100
        0.2063090000    -1.40538800
P   7   1.00
       13.8832640000     0.02372900
        6.1740000000     1.94842400
        4.7728970000    -4.24093800
        2.1824110000     2.99839200
        1.0494920000    -0.32705700
        0.4926800000    -2.20043800
        0.2063090000     2.90252600
P   1   1.00
        0.1000000000     1.00000000
D   6   1.00
        7.3841960000     0.06759300
        3.3503550000     0.24680200
        1.3987210000     0.33640400
        0.5714720000     0.34934800
        0.2237220000     0.26010700
        0.0814660000     0.09633400
D   6   1.00
        7.3841960000    -0.06394200
        3.3503550000    -0.34802300
        1.3987210000    -0.36660900
        0.5714720000     0.11693900
        0.2237220000     0.48892000
        0.0814660000     0.36476200
D   6   1.00
        7.3841960000    -0.04470900
        3.3503550000    -0.59734300
        1.3987210000    -0.03396000
        0.5714720000     0.88231700
        0.2237220000    -0.12993900
        0.0814660000    -0.58776900
D   6   1.00
        7.3841960000    -0.23299100
        3.3503550000    -0.89353300
        1.3987210000     1.45301900
        0.5714720000    -0.42966400
        0.2237220000    -0.65389400
        0.0814660000     0.63707800
D   1   1.00
        0.0400000000     1.00000000
F   1   1.00
        0.6096150000     1.00000000
F   1   1.00
        2.2660450000     1.00000000
F   1   1.00
        4.0349680000     1.00000000
G   1   1.00
        1.8623000000     1.00000000
G   1   1.00
        4.4931350000     1.00000000
H   1   1.00
        2.9433970000     1.00000000
****
