****
Zn     0
S   8   1.00
        0.0510680000    -0.03547600
        0.1483370000     0.36838100
        0.4678520000    -0.61361300
        1.1848130000     0.61315900
        2.6773760000     0.52010600
       13.1998350000     0.06482000
       17.1597850000    -0.00300700
       22.3077210000     0.00237200
S   8   1.00
        0.0510680000    -0.00504800
        0.1483370000    -0.05238600
        0.4678520000     0.12879600
        1.1848130000    -0.19510600
        2.6773760000    -0.27756200
       13.1998350000    -0.00617500
       17.1597850000     0.71431800
       22.3077210000     0.42500300
S   8   1.00
        0.0510680000     0.21544300
        0.1483370000    -0.42447000
        0.4678520000     0.06204700
        1.1848130000     0.88330700
        2.6773760000    -0.19846000
       13.1998350000    -0.48800300
       17.1597850000    -0.98038100
       22.3077210000     1.12614000
S   8   1.00
        0.0510680000     0.78703000
        0.1483370000    -1.86824600
        0.4678520000     0.89040000
        1.1848130000     2.17077900
        2.6773760000    -2.19425700
       13.1998350000    -0.37022600
       17.1597850000     1.61022300
       22.3077210000    -0.78010500
S   8   1.00
        0.0510680000     3.21422100
        0.1483370000    -8.89676100
        0.4678520000     6.27434300
        1.1848130000     1.00790800
        2.6773760000    -3.78636700
       13.1998350000     4.14389200
       17.1597850000    -2.43465000
       22.3077210000     0.54052100
S   1   1.00
        0.0250000000     1.00000000
P   7   1.00
        0.2761130000     0.01514700
        0.6999050000    -0.05982100
        1.4495590000     0.24879700
        2.9113050000     0.40592600
        5.8849050000     0.34442600
       16.4936750000     0.13262700
       21.4425210000     0.01144000
P   7   1.00
        0.2761130000    -0.00891300
        0.6999050000     0.05673200
        1.4495590000    -0.37836400
        2.9113050000    -0.32373700
        5.8849050000     0.12026500
       16.4936750000     0.39062800
       21.4425210000     0.31721700
P   7   1.00
        0.2761130000     0.00283700
        0.6999050000    -0.07661500
        1.4495590000     0.68470100
        2.9113050000     0.34158700
        5.8849050000    -0.83288600
       16.4936750000    -0.41576200
       21.4425210000     0.24366200
P   7   1.00
        0.2761130000     0.12293600
        0.6999050000    -0.07515000
        1.4495590000    -1.44023800
        2.9113050000     1.25000200
        5.8849050000     0.85595400
       16.4936750000    -1.11335900
       21.4425210000    -0.78107000
P   7   1.00
        0.2761130000    -0.78349500
        0.6999050000     1.16535900
        1.4495590000     1.42309200
        2.9113050000    -3.72549900
        5.8849050000     3.04988300
       16.4936750000    -0.26949300
       21.4425210000    -1.79306000
P   1   1.00
        0.1400000000     1.00000000
D   6   1.00
        0.2267360000     0.06964800
        0.6183500000     0.25445000
        1.5225080000     0.33189500
        3.5615450000     0.33679200
        8.0761030000     0.24970200
       16.4234950000     0.09243100
D   6   1.00
        0.2267360000    -0.09663400
        0.6183500000    -0.39429500
        1.5225080000    -0.36814600
        3.5615450000     0.22592500
        8.0761030000     0.51869500
       16.4234950000     0.25116100
D   6   1.00
        0.2267360000    -0.09193400
        0.6183500000    -0.58269300
        1.5225080000     0.11568800
        3.5615450000     0.87356300
        8.0761030000    -0.28710900
       16.4234950000    -0.55212400
D   6   1.00
        0.2267360000    -0.19953800
        0.6183500000    -0.75542600
        1.5225080000     1.16148600
        3.5615450000    -0.08994700
        8.0761030000    -0.90798000
       16.4234950000     0.60773500
D   1   1.00
        0.1140000000     1.00000000
F   1   1.00
        1.1003640000     1.00000000
F   1   1.00
        3.4493490000     1.00000000
F   1   1.00
        9.1187260000     1.00000000
G   1   1.00
        2.4589360000     1.00000000
G   1   1.00
        7.1979130000     1.00000000
H   1   1.00
        5.7100680000     1.00000000
****
