
Al:cc-pvtz-ecp-bfd


  4
    0    1    2    3
    3    3    2    1
   11   11    2    1

    25.31759700    11.48860600     5.21329400     2.36568600     1.07350000
     0.48713200     0.37100900     0.22105100     0.10030800     0.06430300
     0.04551800

     0.20619300     0.00000000     0.00000000
     0.55988700     0.00000000     0.00000000
     0.40785200     0.00000000     0.00000000
    -0.04109800     0.00000000     0.00000000
    -0.23865200     0.00000000     0.00000000
     0.03813200     0.00000000     0.00000000
     0.00000000     0.00000000     1.00000000
    -0.00393500     0.00000000     0.00000000
     0.00047000     0.00000000     0.00000000
     0.00000000     1.00000000     0.00000000
    -0.00001400     0.00000000     0.00000000

     5.31533000     2.54857800     1.22198500     0.58591300     0.28093200
     0.13470000     0.09080100     0.06458600     0.03560700     0.03096700
     0.01484800

     0.00993200     0.00000000     0.00000000
     0.16021200     0.00000000     0.00000000
     0.38917100     0.00000000     0.00000000
     0.37323500     0.00000000     0.00000000
     0.19580000     0.00000000     0.00000000
     0.02294700     0.00000000     0.00000000
     0.00000000     0.00000000     1.00000000
    -0.05329300     0.00000000     0.00000000
     0.00000000     1.00000000     0.00000000
     0.00484600     0.00000000     0.00000000
    -0.00072600     0.00000000     0.00000000

     0.35908200     0.11554000

     0.00000000     1.00000000
     1.00000000     0.00000000

     0.25483800

     1.00000000

