
At:cc-pvtz-ecp-bfd


  4
    0    1    2    3
    3    3    2    1
   11   11    2    1

     0.10014300     0.12631700     0.19936100     0.34862500     0.39688100
     0.79009500     1.57289100     3.13125000     6.23357300    12.40955800
    24.70447200

     0.22529000     0.00000000     0.00000000
     0.00000000     1.00000000     0.00000000
     0.60154100     0.00000000     0.00000000
     0.00000000     0.00000000     1.00000000
     0.51560900     0.00000000     0.00000000
    -0.01016700     0.00000000     0.00000000
    -0.99610200     0.00000000     0.00000000
     0.58871700     0.00000000     0.00000000
    -0.15241500     0.00000000     0.00000000
     0.02800000     0.00000000     0.00000000
    -0.00375900     0.00000000     0.00000000

     0.05367800     0.09849400     0.10425400     0.20248500     0.39327000
     0.50577200     0.76381800     1.48350300     2.88129200     5.59610700
    10.86887900

     0.12622400     0.00000000     0.00000000
     0.00000000     0.00000000     1.00000000
     0.30830000     0.00000000     0.00000000
     0.45845500     0.00000000     0.00000000
     0.28399800     0.00000000     0.00000000
     0.00000000     1.00000000     0.00000000
     0.00724100     0.00000000     0.00000000
    -0.31923700     0.00000000     0.00000000
     0.13619300     0.00000000     0.00000000
    -0.02484900     0.00000000     0.00000000
     0.00268000     0.00000000     0.00000000

     0.25107200     0.81239000

     1.00000000     0.00000000
     0.00000000     1.00000000

     0.30346900

     1.00000000

