
B:cc-pvtz-ecp-bfd


  4
    0    1    2    3
    3    3    2    1
   11   11    2    1

     0.04056900     0.08104400     0.09209400     0.16189800     0.32341800
     0.62602600     0.64608000     1.29064800     2.57827600     5.15052000
    10.28899000

     0.03203100     0.00000000     0.00000000
     0.24331700     0.00000000     0.00000000
     0.00000000     0.00000000     1.00000000
     0.43463600     0.00000000     0.00000000
     0.32958100     0.00000000     0.00000000
     0.00000000     1.00000000     0.00000000
     0.11187500     0.00000000     0.00000000
    -0.07869900     0.00000000     0.00000000
    -0.09878100     0.00000000     0.00000000
     0.01616400     0.00000000     0.00000000
    -0.00001600     0.00000000     0.00000000

     0.02920700     0.05840800     0.08205600     0.11680300     0.23358200
     0.23501600     0.46711500     0.93413200     1.86806800     3.73574300
     7.47070100

     0.01990900     0.00000000     0.00000000
     0.14177500     0.00000000     0.00000000
     0.00000000     1.00000000     0.00000000
     0.29446300     0.00000000     0.00000000
     0.30902800     0.00000000     0.00000000
     0.00000000     0.00000000     1.00000000
     0.23637800     0.00000000     0.00000000
     0.13131700     0.00000000     0.00000000
     0.06645400     0.00000000     0.00000000
     0.02124800     0.00000000     0.00000000
     0.00283700     0.00000000     0.00000000

     0.20731600     0.69915300

     1.00000000     0.00000000
     0.00000000     1.00000000

     0.47887200

     1.00000000

