
Br:cc-pvtz-ecp-bfd


  4
    0    1    2    3
    3    3    2    1
   11   11    2    1

     0.11462600     0.15440100     0.25302400     0.55852000     0.66061800
     1.23286600     2.72140300     6.00717100    13.26010900    29.27010000
    64.61023400

     0.19983200     0.00000000     0.00000000
     0.00000000     1.00000000     0.00000000
     0.60580600     0.00000000     0.00000000
     0.48641400     0.00000000     0.00000000
     0.00000000     0.00000000     1.00000000
    -0.20896400     0.00000000     0.00000000
    -0.32844800     0.00000000     0.00000000
     0.11847100     0.00000000     0.00000000
    -0.01311200     0.00000000     0.00000000
     0.00120600     0.00000000     0.00000000
    -0.00012100     0.00000000     0.00000000

     0.06799000     0.07865500     0.14550700     0.16404300     0.31140300
     0.66644100     1.42626700     3.05238900     6.53249400    13.98035300
    29.91970300

     0.10799200     0.00000000     0.00000000
     0.00000000     1.00000000     0.00000000
     0.33186000     0.00000000     0.00000000
     0.00000000     0.00000000     1.00000000
     0.44287100     0.00000000     0.00000000
     0.28325600     0.00000000     0.00000000
    -0.02604500     0.00000000     0.00000000
    -0.11132300     0.00000000     0.00000000
     0.02171200     0.00000000     0.00000000
    -0.00118800     0.00000000     0.00000000
     0.00002200     0.00000000     0.00000000

     0.23498000     0.56801700

     1.00000000     0.00000000
     0.00000000     1.00000000

     0.55571100

     1.00000000

