
C:cc-pvtz-ecp-bfd


  4
    0    1    2    3
    3    3    2    1
   11   11    2    1

     0.05134400     0.10261900     0.13280000     0.20510000     0.40992400
     0.81929700     0.92155200     1.63749400     3.27279100     6.54118700
    13.07359400

     0.01399100     0.00000000     0.00000000
     0.16985200     0.00000000     0.00000000
     0.00000000     0.00000000     1.00000000
     0.39752900     0.00000000     0.00000000
     0.38036900     0.00000000     0.00000000
     0.18011300     0.00000000     0.00000000
     0.00000000     1.00000000     0.00000000
    -0.03351200     0.00000000     0.00000000
    -0.12149900     0.00000000     0.00000000
     0.01517600     0.00000000     0.00000000
    -0.00070500     0.00000000     0.00000000

     0.02928100     0.05854700     0.11706300     0.12677200     0.23406400
     0.37674200     0.46800300     0.93575700     1.87101600     3.74103500
     7.48007600

     0.00178700     0.00000000     0.00000000
     0.05042600     0.00000000     0.00000000
     0.19163400     0.00000000     0.00000000
     0.00000000     1.00000000     0.00000000
     0.30266700     0.00000000     0.00000000
     0.00000000     0.00000000     1.00000000
     0.28986800     0.00000000     0.00000000
     0.21097900     0.00000000     0.00000000
     0.11202400     0.00000000     0.00000000
     0.05442500     0.00000000     0.00000000
     0.02193100     0.00000000     0.00000000

     0.32948600     1.14161100

     1.00000000     0.00000000
     0.00000000     1.00000000

     0.77348500

     1.00000000

