
F:cc-pvtz-ecp-bfd


  4
    0    1    2    3
    3    3    2    1
   11   11    2    1

    68.50243300    32.42734800    15.35030000     7.26645100     3.43975700
     2.28979500     1.62829500     0.77079500     0.36487500     0.32771200
     0.17272300

     0.07024000     0.00000000     0.00000000
     0.31108800     0.00000000     0.00000000
     0.44467500     0.00000000     0.00000000
     0.28701100     0.00000000     0.00000000
     0.01875900     0.00000000     0.00000000
     0.00000000     1.00000000     0.00000000
    -0.12860800     0.00000000     0.00000000
     0.00910400     0.00000000     0.00000000
     0.00081000     0.00000000     0.00000000
     0.00000000     0.00000000     1.00000000
    -0.00013300     0.00000000     0.00000000

    28.43079900    14.04773700     6.94102600     3.42958000     1.69456500
     0.83728900     0.80418100     0.41370700     0.24366000     0.20441400
     0.10100100

     0.03532100     0.00000000     0.00000000
     0.13692400     0.00000000     0.00000000
     0.24935300     0.00000000     0.00000000
     0.28662000     0.00000000     0.00000000
     0.25454100     0.00000000     0.00000000
     0.16957200     0.00000000     0.00000000
     0.00000000     0.00000000     1.00000000
     0.08854200     0.00000000     0.00000000
     0.00000000     1.00000000     0.00000000
     0.03984300     0.00000000     0.00000000
     0.00337800     0.00000000     0.00000000

     3.29742500     0.90076300

     0.00000000     1.00000000
     1.00000000     0.00000000

     1.85927400

     1.00000000

