
Ge:cc-pvtz-ecp-bfd


  4
    0    1    2    3
    3    3    2    1
   11   11    2    1

    45.88661400    20.26068700     8.94586400     3.94994000     1.74404900
     0.77006400     0.44567600     0.34001300     0.15012800     0.09104900
     0.06628700

     0.21323000     0.00000000     0.00000000
     0.60557000     0.00000000     0.00000000
     0.41344200     0.00000000     0.00000000
    -0.10635600     0.00000000     0.00000000
    -0.36457900     0.00000000     0.00000000
     0.12744800     0.00000000     0.00000000
     0.00000000     0.00000000     1.00000000
    -0.01716600     0.00000000     0.00000000
     0.00245400     0.00000000     0.00000000
     0.00000000     1.00000000     0.00000000
    -0.00035500     0.00000000     0.00000000

    20.43787300     9.26689200     4.20177200     1.90515700     0.86383200
     0.39167700     0.17759300     0.09245000     0.08052400     0.04041200
     0.03651100

     0.09868000     0.00000000     0.00000000
     0.37229000     0.00000000     0.00000000
     0.44383600     0.00000000     0.00000000
     0.23258500     0.00000000     0.00000000
     0.00005800     0.00000000     0.00000000
    -0.10828200     0.00000000     0.00000000
     0.02189400     0.00000000     0.00000000
     0.00000000     0.00000000     1.00000000
    -0.00191100     0.00000000     0.00000000
     0.00000000     1.00000000     0.00000000
     0.00018100     0.00000000     0.00000000

     0.32382600     0.13014700

     0.00000000     1.00000000
     1.00000000     0.00000000

     0.35281400

     1.00000000

