
I:cc-pvtz-ecp-bfd


  4
    0    1    2    3
    3    3    2    1
   11   11    2    1

     0.09329300     0.13095500     0.19321100     0.35261000     0.40014200
     0.82869800     1.71624300     3.55435600     7.36110700    15.24492700
    31.57239600

     0.20590200     0.00000000     0.00000000
     0.00000000     1.00000000     0.00000000
     0.62314400     0.00000000     0.00000000
     0.00000000     0.00000000     1.00000000
     0.49178800     0.00000000     0.00000000
    -0.11341800     0.00000000     0.00000000
    -0.67844200     0.00000000     0.00000000
     0.35666000     0.00000000     0.00000000
    -0.07867600     0.00000000     0.00000000
     0.01347500     0.00000000     0.00000000
    -0.00185900     0.00000000     0.00000000

     0.05648700     0.10793200     0.11303800     0.22620400     0.45266300
     0.58742700     0.90583700     1.81269700     3.62743900     7.25897300
    14.52613900

     0.11279200     0.00000000     0.00000000
     0.00000000     1.00000000     0.00000000
     0.31700900     0.00000000     0.00000000
     0.45651400     0.00000000     0.00000000
     0.28474600     0.00000000     0.00000000
     0.00000000     0.00000000     1.00000000
    -0.01207600     0.00000000     0.00000000
    -0.23018200     0.00000000     0.00000000
     0.08221400     0.00000000     0.00000000
    -0.01249200     0.00000000     0.00000000
     0.00128500     0.00000000     0.00000000

     0.18983200     0.34663300

     1.00000000     0.00000000
     0.00000000     1.00000000

     0.43048600

     1.00000000

