
Kr:cc-pvtz-ecp-bfd


  4
    0    1    2    3
    3    3    2    1
   11   11    2    1

     0.12991100     0.17934900     0.28222000     0.61309800     0.75543600
     1.33190100     2.89343700     6.28573500    13.65520300    29.66471900
    64.44397300

     0.18345300     0.00000000     0.00000000
     0.00000000     1.00000000     0.00000000
     0.59601600     0.00000000     0.00000000
     0.50641000     0.00000000     0.00000000
     0.00000000     0.00000000     1.00000000
    -0.15092600     0.00000000     0.00000000
    -0.42361100     0.00000000     0.00000000
     0.16264400     0.00000000     0.00000000
    -0.02328400     0.00000000     0.00000000
     0.00315700     0.00000000     0.00000000
    -0.00042200     0.00000000     0.00000000

     0.07931400     0.09468500     0.16721600     0.18999100     0.35253900
     0.74325200     1.56698800     3.30365900     6.96505500    14.68432500
    30.95874800

     0.09670500     0.00000000     0.00000000
     0.00000000     1.00000000     0.00000000
     0.31256700     0.00000000     0.00000000
     0.00000000     0.00000000     1.00000000
     0.44823700     0.00000000     0.00000000
     0.29864000     0.00000000     0.00000000
    -0.00364100     0.00000000     0.00000000
    -0.13879800     0.00000000     0.00000000
     0.02998900     0.00000000     0.00000000
    -0.00257800     0.00000000     0.00000000
     0.00020500     0.00000000     0.00000000

     0.27973100     0.67534700

     1.00000000     0.00000000
     0.00000000     1.00000000

     0.68563900

     1.00000000

