
Li:cc-pvtz-ecp-bfd


  4
    0    1    2    3
    3    3    2    1
   11   11    2    1

     8.34649400     3.60568900     1.55765900     0.67290900     0.29069700
     0.13225900     0.12558100     0.05425100     0.02617000     0.02343700
     0.01012500

     0.00784100     0.00000000     0.00000000
     0.25811800     0.00000000     0.00000000
     0.42330700     0.00000000     0.00000000
     0.16782500     0.00000000     0.00000000
    -0.06833200     0.00000000     0.00000000
     0.00000000     0.00000000     1.00000000
    -0.11926900     0.00000000     0.00000000
     0.00773600     0.00000000     0.00000000
     0.00000000     1.00000000     0.00000000
     0.00363000     0.00000000     0.00000000
    -0.00064600     0.00000000     0.00000000

     1.48322500     0.85627300     0.49433000     0.28537900     0.16475100
     0.11007500     0.09511100     0.05490800     0.05295900     0.03169900
     0.01830000

    -0.00590600     0.00000000     0.00000000
    -0.03142200     0.00000000     0.00000000
    -0.04362800     0.00000000     0.00000000
    -0.01678100     0.00000000     0.00000000
    -0.07859400     0.00000000     0.00000000
     0.00000000     0.00000000     1.00000000
     0.01556200     0.00000000     0.00000000
    -0.03083000     0.00000000     0.00000000
     0.00000000     1.00000000     0.00000000
     0.00618500     0.00000000     0.00000000
    -0.00862100     0.00000000     0.00000000

     0.17714000     0.06779500

     0.00000000     1.00000000
     1.00000000     0.00000000

     0.18075800

     1.00000000

