
Mg:cc-pvtz-ecp-bfd


  4
    0    1    2    3
    3    3    2    1
   11   11    2    1

     9.02421700     4.43975900     2.18428500     1.07463000     0.67396000
     0.52870000     0.26011100     0.15345300     0.12797000     0.06295900
     0.03097500

     0.16529000     0.00000000     0.00000000
     0.50627200     0.00000000     0.00000000
     0.33319700     0.00000000     0.00000000
     0.05748200     0.00000000     0.00000000
     0.00000000     0.00000000     1.00000000
    -0.13761400     0.00000000     0.00000000
    -0.13537800     0.00000000     0.00000000
     0.00000000     1.00000000     0.00000000
     0.04831000     0.00000000     0.00000000
    -0.00531200     0.00000000     0.00000000
     0.00046500     0.00000000     0.00000000

     4.51828600     2.55374500     1.44338300     1.11896500     0.81580300
     0.46109400     0.26061100     0.14729800     0.12691700     0.08325300
     0.04705500

     1.50203800     0.00000000     0.00000000
    -1.43394400     0.00000000     0.00000000
     1.31898700     0.00000000     0.00000000
     0.00000000     0.00000000     1.00000000
    -0.74112400     0.00000000     0.00000000
     0.43630000     0.00000000     0.00000000
    -0.24379800     0.00000000     0.00000000
     0.08677400     0.00000000     0.00000000
     0.00000000     1.00000000     0.00000000
    -0.02867700     0.00000000     0.00000000
     0.00608500     0.00000000     0.00000000

     0.27457200     0.09573400

     0.00000000     1.00000000
     1.00000000     0.00000000

     0.14851900

     1.00000000

