
Ne:cc-pvtz-ecp-bfd


  4
    0    1    2    3
    3    3    2    1
   11   11    2    1

     0.20583500     0.31776700     0.39138400     0.53455700     0.74419600
     1.41504800     2.69063800     5.11610300     9.72799400    18.49725600
    35.17153400

     0.05751400     0.00000000     0.00000000
     0.00000000     1.00000000     0.00000000
     0.21577600     0.00000000     0.00000000
     0.00000000     0.00000000     1.00000000
     0.37479900     0.00000000     0.00000000
     0.32631300     0.00000000     0.00000000
     0.16638300     0.00000000     0.00000000
    -0.03914900     0.00000000     0.00000000
    -0.08590900     0.00000000     0.00000000
     0.00681600     0.00000000     0.00000000
     0.00020600     0.00000000     0.00000000

     0.12177200     0.23824800     0.29466500     0.46613600     0.91200200
     0.96212600     1.78434400     3.49109500     6.83037800    13.36373200
    26.14633200

     0.02994300     0.00000000     0.00000000
     0.11420000     0.00000000     0.00000000
     0.00000000     1.00000000     0.00000000
     0.21961800     0.00000000     0.00000000
     0.26886400     0.00000000     0.00000000
     0.00000000     0.00000000     1.00000000
     0.25693200     0.00000000     0.00000000
     0.19137800     0.00000000     0.00000000
     0.11217600     0.00000000     0.00000000
     0.06331700     0.00000000     0.00000000
     0.00805700     0.00000000     0.00000000

     1.13406300     4.16143700

     1.00000000     0.00000000
     0.00000000     1.00000000

     2.55675100

     1.00000000

