
O:cc-pvtz-ecp-bfd


  4
    0    1    2    3
    3    3    2    1
   11   11    2    1

    54.77521600    25.61680100    11.98024500     5.60281800     2.62027700
     1.68663300     1.22542900     0.57309800     0.26802200     0.23799700
     0.12534600

     0.05574100     0.00000000     0.00000000
     0.30484800     0.00000000     0.00000000
     0.45375200     0.00000000     0.00000000
     0.29592600     0.00000000     0.00000000
     0.01956700     0.00000000     0.00000000
     0.00000000     1.00000000     0.00000000
    -0.12862700     0.00000000     0.00000000
     0.01202400     0.00000000     0.00000000
     0.00040700     0.00000000     0.00000000
     0.00000000     0.00000000     1.00000000
    -0.00007600     0.00000000     0.00000000

    21.21731800    10.62010800     5.31578500     2.66076100     1.33181600
     0.66662700     0.60062100     0.33367300     0.18469600     0.16701700
     0.08359800

     0.04495800     0.00000000     0.00000000
     0.15017500     0.00000000     0.00000000
     0.25599900     0.00000000     0.00000000
     0.28187900     0.00000000     0.00000000
     0.24283500     0.00000000     0.00000000
     0.16113400     0.00000000     0.00000000
     0.00000000     0.00000000     1.00000000
     0.08230800     0.00000000     0.00000000
     0.00000000     1.00000000     0.00000000
     0.03989900     0.00000000     0.00000000
     0.00467900     0.00000000     0.00000000

     2.40427800     0.66934000

     0.00000000     1.00000000
     1.00000000     0.00000000

     1.42310400

     1.00000000

