
Pb:cc-pvtz-ecp-bfd


  4
    0    1    2    3
    3    3    2    1
   11   11    2    1

     0.07398100     0.09373800     0.14708700     0.21629400     0.29243100
     0.58140000     1.15591400     2.29813900     4.56906100     9.08401300
    18.06044600

     0.32426400     0.00000000     0.00000000
     0.00000000     1.00000000     0.00000000
     0.57115500     0.00000000     0.00000000
     0.00000000     0.00000000     1.00000000
     0.37405100     0.00000000     0.00000000
     0.12474900     0.00000000     0.00000000
    -1.11272100     0.00000000     0.00000000
     0.68123100     0.00000000     0.00000000
    -0.19171600     0.00000000     0.00000000
     0.03780600     0.00000000     0.00000000
    -0.00522500     0.00000000     0.00000000

     0.03651500     0.06438600     0.07224800     0.14294600     0.28282800
     0.36404900     0.55959400     1.10719100     2.19064700     4.33433300
     8.57574800

     0.17140200     0.00000000     0.00000000
     0.00000000     0.00000000     1.00000000
     0.35547300     0.00000000     0.00000000
     0.43826500     0.00000000     0.00000000
     0.18231500     0.00000000     0.00000000
     0.00000000     1.00000000     0.00000000
     0.03852600     0.00000000     0.00000000
    -0.29522700     0.00000000     0.00000000
     0.12970800     0.00000000     0.00000000
    -0.02587700     0.00000000     0.00000000
     0.00310600     0.00000000     0.00000000

     0.17232300     0.60729300

     1.00000000     0.00000000
     0.00000000     1.00000000

     0.23840400

     1.00000000

