
Rn:cc-pvtz-ecp-bfd


  4
    0    1    2    3
    3    3    2    1
   11   11    2    1

    28.36002100    14.13467300     7.04474000     3.51110800     1.74994100
     0.87217300     0.43469200     0.40725700     0.21665100     0.13990800
     0.10797900

     0.20681700     0.00000000     0.00000000
     0.60889000     0.00000000     0.00000000
     0.54401500     0.00000000     0.00000000
    -0.08225200     0.00000000     0.00000000
    -0.87870900     0.00000000     0.00000000
     0.50646500     0.00000000     0.00000000
    -0.12431500     0.00000000     0.00000000
     0.00000000     0.00000000     1.00000000
     0.02198800     0.00000000     0.00000000
     0.00000000     1.00000000     0.00000000
    -0.00293000     0.00000000     0.00000000

    11.93249900     6.18155100     3.20231100     1.65893600     0.85940100
     0.57148600     0.44520700     0.23063600     0.11948000     0.11635300
     0.06189600

     0.11599100     0.00000000     0.00000000
     0.30596300     0.00000000     0.00000000
     0.46593900     0.00000000     0.00000000
     0.29890200     0.00000000     0.00000000
    -0.01842200     0.00000000     0.00000000
     0.00000000     1.00000000     0.00000000
    -0.30423100     0.00000000     0.00000000
     0.12964600     0.00000000     0.00000000
    -0.02293500     0.00000000     0.00000000
     0.00000000     0.00000000     1.00000000
     0.00238300     0.00000000     0.00000000

     0.82689900     0.28244400

     0.00000000     1.00000000
     1.00000000     0.00000000

     0.34356000

     1.00000000

