
Sb:cc-pvtz-ecp-bfd


  4
    0    1    2    3
    3    3    2    1
   11   11    2    1

     0.06928000     0.09505700     0.14394000     0.29905600     0.38196100
     0.62133200     1.29090500     2.68204000     5.57232000    11.57729000
    24.05347200

     0.21745900     0.00000000     0.00000000
     0.00000000     1.00000000     0.00000000
     0.59993200     0.00000000     0.00000000
     0.45940700     0.00000000     0.00000000
     0.00000000     0.00000000     1.00000000
    -0.04247200     0.00000000     0.00000000
    -0.65036200     0.00000000     0.00000000
     0.29833300     0.00000000     0.00000000
    -0.05689300     0.00000000     0.00000000
     0.00910200     0.00000000     0.00000000
    -0.00125500     0.00000000     0.00000000

     0.04009200     0.08067900     0.08322700     0.16235600     0.32672000
     0.44476100     0.65748100     1.32309300     2.66255000     5.35803000
    10.78232700

     0.08171200     0.00000000     0.00000000
     0.32260500     0.00000000     0.00000000
     0.00000000     0.00000000     1.00000000
     0.46472200     0.00000000     0.00000000
     0.27708800     0.00000000     0.00000000
     0.00000000     1.00000000     0.00000000
     0.00909000     0.00000000     0.00000000
    -0.19482500     0.00000000     0.00000000
     0.05439200     0.00000000     0.00000000
    -0.00645500     0.00000000     0.00000000
     0.00062900     0.00000000     0.00000000

     0.13243100     0.27735700

     1.00000000     0.00000000
     0.00000000     1.00000000

     0.33524200

     1.00000000

