
Sn:cc-pvtz-ecp-bfd


  4
    0    1    2    3
    3    3    2    1
   11   11    2    1

    22.93787200    10.88530300     5.16568500     2.45140700     1.16333000
     0.55206500     0.30842400     0.26198600     0.12432700     0.07821000
     0.05900000

     0.23888200     0.00000000     0.00000000
     0.59880600     0.00000000     0.00000000
     0.42253100     0.00000000     0.00000000
    -0.03572700     0.00000000     0.00000000
    -0.63179000     0.00000000     0.00000000
     0.29429700     0.00000000     0.00000000
     0.00000000     0.00000000     1.00000000
    -0.05759200     0.00000000     0.00000000
     0.00933300     0.00000000     0.00000000
     0.00000000     1.00000000     0.00000000
    -0.00129800     0.00000000     0.00000000

    10.47480800     5.04881000     2.43350400     1.17293800     0.56535100
     0.37661900     0.27249700     0.13134200     0.06489200     0.06330600
     0.03051300

     0.08395800     0.00000000     0.00000000
     0.34066000     0.00000000     0.00000000
     0.45825700     0.00000000     0.00000000
     0.25795000     0.00000000     0.00000000
     0.02092200     0.00000000     0.00000000
     0.00000000     0.00000000     1.00000000
    -0.18912100     0.00000000     0.00000000
     0.05406800     0.00000000     0.00000000
     0.00000000     1.00000000     0.00000000
    -0.00701300     0.00000000     0.00000000
     0.00074900     0.00000000     0.00000000

     0.22345000     0.10784400

     0.00000000     1.00000000
     1.00000000     0.00000000

     0.28125600

     1.00000000

