
Te:cc-pvtz-ecp-bfd


  4
    0    1    2    3
    3    3    2    1
   11   11    2    1

    28.11258100    13.40521100     6.39214400     3.04803200     1.45342400
     0.69305100     0.40934100     0.33047500     0.15758400     0.10475900
     0.07514200

     0.17250600     0.00000000     0.00000000
     0.58817700     0.00000000     0.00000000
     0.54265900     0.00000000     0.00000000
    -0.10393000     0.00000000     0.00000000
    -0.57096300     0.00000000     0.00000000
     0.23962700     0.00000000     0.00000000
     0.00000000     0.00000000     1.00000000
    -0.03790000     0.00000000     0.00000000
     0.00505700     0.00000000     0.00000000
     0.00000000     1.00000000     0.00000000
    -0.00064300     0.00000000     0.00000000

    11.66388500     5.82000100     2.90404200     1.44904800     0.72304000
     0.46854000     0.36078000     0.18002100     0.08982600     0.08306800
     0.04482100

     0.05958100     0.00000000     0.00000000
     0.28920000     0.00000000     0.00000000
     0.46742300     0.00000000     0.00000000
     0.33177600     0.00000000     0.00000000
     0.00540600     0.00000000     0.00000000
     0.00000000     0.00000000     1.00000000
    -0.19172100     0.00000000     0.00000000
     0.04553800     0.00000000     0.00000000
    -0.00360000     0.00000000     0.00000000
     0.00000000     1.00000000     0.00000000
     0.00020500     0.00000000     0.00000000

     0.31021800     0.15685600

     0.00000000     1.00000000
     1.00000000     0.00000000

     0.35521800

     1.00000000

