
Tl:cc-pvtz-ecp-bfd


  4
    0    1    2    3
    3    3    2    1
   11   11    2    1

    15.46123800     7.75826700     3.89300700     1.95346500     0.98022600
     0.49186600     0.24681300     0.22432100     0.12384800     0.06867500
     0.06214500

     0.34200000     0.00000000     0.00000000
     0.54508100     0.00000000     0.00000000
     0.34953200     0.00000000     0.00000000
     0.19196200     0.00000000     0.00000000
    -1.13334900     0.00000000     0.00000000
     0.66732200     0.00000000     0.00000000
    -0.18340200     0.00000000     0.00000000
     0.00000000     0.00000000     1.00000000
     0.03608900     0.00000000     0.00000000
     0.00000000     1.00000000     0.00000000
    -0.00504800     0.00000000     0.00000000

     7.92707500     3.89263900     1.91150500     0.93865600     0.46093300
     0.22634400     0.14142400     0.11114800     0.05458000     0.02804600
     0.02680200

     0.84951400     0.00000000     0.00000000
    -0.19393000     0.00000000     0.00000000
     0.48000000     0.00000000     0.00000000
    -0.01456300     0.00000000     0.00000000
     0.09964500     0.00000000     0.00000000
    -0.20229400     0.00000000     0.00000000
     0.00000000     0.00000000     1.00000000
     0.08057700     0.00000000     0.00000000
    -0.01663100     0.00000000     0.00000000
     0.00000000     1.00000000     0.00000000
     0.00232100     0.00000000     0.00000000

     0.59474900     0.14905100

     0.00000000     1.00000000
     1.00000000     0.00000000

     0.23161800

     1.00000000

