
Xe:cc-pvtz-ecp-bfd


  4
    0    1    2    3
    3    3    2    1
   11   11    2    1

    36.43015900    17.48611200     8.39315900     4.02863200     1.93370300
     0.92815800     0.52535400     0.44550700     0.21383900     0.14127100
     0.10264000

     0.19146400     0.00000000     0.00000000
     0.62277000     0.00000000     0.00000000
     0.53430900     0.00000000     0.00000000
    -0.19800100     0.00000000     0.00000000
    -0.56640900     0.00000000     0.00000000
     0.28649800     0.00000000     0.00000000
     0.00000000     0.00000000     1.00000000
    -0.05636300     0.00000000     0.00000000
     0.00864900     0.00000000     0.00000000
     0.00000000     1.00000000     0.00000000
    -0.00113300     0.00000000     0.00000000

    16.08267500     8.07020400     4.04958700     2.03206200     1.01967800
     0.65541800     0.51166900     0.25675300     0.12921100     0.12883700
     0.06465000

     0.09897100     0.00000000     0.00000000
     0.31150200     0.00000000     0.00000000
     0.46088200     0.00000000     0.00000000
     0.30907800     0.00000000     0.00000000
    -0.04026000     0.00000000     0.00000000
     0.00000000     0.00000000     1.00000000
    -0.20285100     0.00000000     0.00000000
     0.06700000     0.00000000     0.00000000
     0.00000000     1.00000000     0.00000000
    -0.00846800     0.00000000     0.00000000
     0.00071000     0.00000000     0.00000000

     0.39737500     0.22621400

     0.00000000     1.00000000
     1.00000000     0.00000000

     0.49683600

     1.00000000

