! cc-pvdz-ecp-bfd
! s functions
H  10   2
       52.1839370000        0.1920430000        0.0000000000
       23.1915930000        0.6116820000        0.0000000000
       10.3068110000        0.4392610000        0.0000000000
        4.5805550000       -0.1102800000        0.0000000000
        2.0356910000       -0.3941790000        0.0000000000
        0.9047020000        0.1456320000        0.0000000000
        0.4020680000       -0.0213790000        0.0000000000
        0.1786870000        0.0032050000        0.0000000000
        0.0794120000       -0.0004690000        0.0000000000
        0.0514800000        0.0000000000        1.0000000000
! p functions
H  10   2
       22.8521150000        0.1050580000        0.0000000000
       10.6440710000        0.3618190000        0.0000000000
        4.9578020000        0.4521070000        0.0000000000
        2.3092480000        0.2312430000        0.0000000000
        1.0756030000       -0.0095490000        0.0000000000
        0.5009950000       -0.1217670000        0.0000000000
        0.2333540000        0.0286480000        0.0000000000
        0.1086920000       -0.0029410000        0.0000000000
        0.0956230000        0.0000000000        1.0000000000
        0.0506260000        0.0002930000        0.0000000000
! d functions
H   1   1
        0.2976520000        1.0000000000
