! cc-pvdz-ecp-bfd
! s functions
H  10   2
        0.0427010000        0.0000000000        1.0000000000
        0.1001430000        0.2252900000        0.0000000000
        0.1993610000        0.6015410000        0.0000000000
        0.3968810000        0.5156090000        0.0000000000
        0.7900950000       -0.0101670000        0.0000000000
        1.5728910000       -0.9961020000        0.0000000000
        3.1312500000        0.5887170000        0.0000000000
        6.2335730000       -0.1524150000        0.0000000000
       12.4095580000        0.0280000000        0.0000000000
       24.7044720000       -0.0037590000        0.0000000000
! p functions
H  10   2
        0.0536780000        0.1262240000        0.0000000000
        0.0745700000        0.0000000000        1.0000000000
        0.1042540000        0.3083000000        0.0000000000
        0.2024850000        0.4584550000        0.0000000000
        0.3932700000        0.2839980000        0.0000000000
        0.7638180000        0.0072410000        0.0000000000
        1.4835030000       -0.3192370000        0.0000000000
        2.8812920000        0.1361930000        0.0000000000
        5.5961070000       -0.0248490000        0.0000000000
       10.8688790000        0.0026800000        0.0000000000
! d functions
H   1   1
        0.2047790000        1.0000000000
