! cc-pvdz-ecp-bfd
! s functions
H  10   2
       31.5723960000        0.2059020000        0.0000000000
       15.2449270000        0.6231440000        0.0000000000
        7.3611070000        0.4917880000        0.0000000000
        3.5543560000       -0.1134180000        0.0000000000
        1.7162430000       -0.6784420000        0.0000000000
        0.8286980000        0.3566600000        0.0000000000
        0.4001420000       -0.0786760000        0.0000000000
        0.1932110000        0.0134750000        0.0000000000
        0.0932930000       -0.0018590000        0.0000000000
        0.0474060000        0.0000000000        1.0000000000
! p functions
H  10   2
       14.5261390000        0.1127920000        0.0000000000
        7.2589730000        0.3170090000        0.0000000000
        3.6274390000        0.4565140000        0.0000000000
        1.8126970000        0.2847460000        0.0000000000
        0.9058370000       -0.0120760000        0.0000000000
        0.4526630000       -0.2301820000        0.0000000000
        0.2262040000        0.0822140000        0.0000000000
        0.1130380000       -0.0124920000        0.0000000000
        0.0889780000        0.0000000000        1.0000000000
        0.0564870000        0.0012850000        0.0000000000
! d functions
H   1   1
        0.2694080000        1.0000000000
