! cc-pvdz-ecp-bfd
! s functions
H  10   2
       22.1896050000        0.2665600000        0.0000000000
       10.3184300000        0.5953450000        0.0000000000
        4.7981930000        0.3776540000        0.0000000000
        2.2312170000       -0.0364040000        0.0000000000
        1.0375420000       -0.5810050000        0.0000000000
        0.4824690000        0.2702650000        0.0000000000
        0.2243540000       -0.0537150000        0.0000000000
        0.1043270000        0.0089610000        0.0000000000
        0.0485130000       -0.0012830000        0.0000000000
        0.0240110000        0.0000000000        1.0000000000
! p functions
H  10   2
        9.6645000000        0.7393580000        0.0000000000
        4.5872450000       -0.0483300000        0.0000000000
        2.1773310000        0.4143770000        0.0000000000
        1.0334680000        0.0463070000        0.0000000000
        0.4905340000        0.0479800000        0.0000000000
        0.2328320000       -0.1243160000        0.0000000000
        0.1105130000        0.0374710000        0.0000000000
        0.0524550000       -0.0060110000        0.0000000000
        0.0248980000        0.0008350000        0.0000000000
        0.0228870000        0.0000000000        1.0000000000
! d functions
H   1   1
        0.1362130000        1.0000000000
