! cc-pvdz-ecp-bfd
! s functions
H  10   2
        0.0309750000        0.1652900000        0.0000000000
        0.0629590000        0.5062720000        0.0000000000
        0.1279700000        0.3331970000        0.0000000000
        0.1623700000        0.0000000000        1.0000000000
        0.2601110000        0.0574820000        0.0000000000
        0.5287000000       -0.1376140000        0.0000000000
        1.0746300000       -0.1353780000        0.0000000000
        2.1842850000        0.0483100000        0.0000000000
        4.4397590000       -0.0053120000        0.0000000000
        9.0242170000        0.0004650000        0.0000000000
! p functions
H  10   2
        0.0470550000        1.5020380000        0.0000000000
        0.0832530000       -1.4339440000        0.0000000000
        0.1216830000        0.0000000000        1.0000000000
        0.1472980000        1.3189870000        0.0000000000
        0.2606110000       -0.7411240000        0.0000000000
        0.4610940000        0.4363000000        0.0000000000
        0.8158030000       -0.2437980000        0.0000000000
        1.4433830000        0.0867740000        0.0000000000
        2.5537450000       -0.0286770000        0.0000000000
        4.5182860000        0.0060850000        0.0000000000
! d functions
H   1   1
        0.1355260000        1.0000000000
