! cc-pvdz-ecp-bfd
! s functions
H  10   2
        0.0130610000        0.2001180000        0.0000000000
        0.0300410000        0.4676520000        0.0000000000
        0.0690920000        0.2277380000        0.0000000000
        0.1589080000       -0.0615810000        0.0000000000
        0.3654810000       -0.1375330000        0.0000000000
        0.8405890000        0.0033230000        0.0000000000
        0.8651350000        0.0000000000        1.0000000000
        1.9333150000        0.0037410000        0.0000000000
        4.4465330000       -0.0011170000        0.0000000000
       10.2268160000        0.0002440000        0.0000000000
! p functions
H  10   2
        0.0025930000       -0.0028400000        0.0000000000
        0.0067410000        0.0053400000        0.0000000000
        0.0175250000       -0.0259360000        0.0000000000
        0.0455630000       -0.0534660000        0.0000000000
        0.1060250000        0.0000000000        1.0000000000
        0.1184610000       -0.0536910000        0.0000000000
        0.3079870000        0.0144390000        0.0000000000
        0.8007380000        0.0061990000        0.0000000000
        2.0818470000       -0.0010260000        0.0000000000
        5.4126170000        0.0001680000        0.0000000000
! d functions
H   1   1
        0.0507900000        1.0000000000
