! cc-pvdz-ecp-bfd
! s functions
H  10   2
       24.3807530000        0.2318920000        0.0000000000
       12.0753880000        0.6046040000        0.0000000000
        5.9807420000        0.4868380000        0.0000000000
        2.9621640000       -0.0208770000        0.0000000000
        1.4671110000       -0.9156930000        0.0000000000
        0.7266360000        0.5302870000        0.0000000000
        0.3598910000       -0.1346240000        0.0000000000
        0.1782480000        0.0246510000        0.0000000000
        0.0882830000       -0.0033530000        0.0000000000
        0.0377680000        0.0000000000        1.0000000000
! p functions
H  10   2
       10.7423740000        0.0811320000        0.0000000000
        5.4171770000        0.3121540000        0.0000000000
        2.7317800000        0.4857580000        0.0000000000
        1.3775850000        0.2899540000        0.0000000000
        0.6946900000       -0.0050990000        0.0000000000
        0.3503190000       -0.2902840000        0.0000000000
        0.1766590000        0.1207240000        0.0000000000
        0.0890860000       -0.0217880000        0.0000000000
        0.0624660000        0.0000000000        1.0000000000
        0.0449240000        0.0024110000        0.0000000000
! d functions
H   1   1
        0.1803170000        1.0000000000
