! cc-pvdz-ecp-bfd
! s functions
H  10   2
       28.3600210000        0.2068170000        0.0000000000
       14.1346730000        0.6088900000        0.0000000000
        7.0447400000        0.5440150000        0.0000000000
        3.5111080000       -0.0822520000        0.0000000000
        1.7499410000       -0.8787090000        0.0000000000
        0.8721730000        0.5064650000        0.0000000000
        0.4599870000        0.0000000000        1.0000000000
        0.4346920000       -0.1243150000        0.0000000000
        0.2166510000        0.0219880000        0.0000000000
        0.1079790000       -0.0029300000        0.0000000000
! p functions
H  10   2
       11.9324990000        0.1159910000        0.0000000000
        6.1815510000        0.3059630000        0.0000000000
        3.2023110000        0.4659390000        0.0000000000
        1.6589360000        0.2989020000        0.0000000000
        0.8594010000       -0.0184220000        0.0000000000
        0.4452070000       -0.3042310000        0.0000000000
        0.3656790000        0.0000000000        1.0000000000
        0.2306360000        0.1296460000        0.0000000000
        0.1194800000       -0.0229350000        0.0000000000
        0.0618960000        0.0023830000        0.0000000000
! d functions
H   1   1
        0.2266040000        1.0000000000
