! cc-pvdz-ecp-bfd
! s functions
H  10   2
       24.0534720000        0.2174590000        0.0000000000
       11.5772900000        0.5999320000        0.0000000000
        5.5723200000        0.4594070000        0.0000000000
        2.6820400000       -0.0424720000        0.0000000000
        1.2909050000       -0.6503620000        0.0000000000
        0.6213320000        0.2983330000        0.0000000000
        0.2990560000       -0.0568930000        0.0000000000
        0.1439400000        0.0091020000        0.0000000000
        0.0692800000       -0.0012550000        0.0000000000
        0.0379420000        0.0000000000        1.0000000000
! p functions
H  10   2
       10.7823270000        0.0817120000        0.0000000000
        5.3580300000        0.3226050000        0.0000000000
        2.6625500000        0.4647220000        0.0000000000
        1.3230930000        0.2770880000        0.0000000000
        0.6574810000        0.0090900000        0.0000000000
        0.3267200000       -0.1948250000        0.0000000000
        0.1623560000        0.0543920000        0.0000000000
        0.0806790000       -0.0064550000        0.0000000000
        0.0736290000        0.0000000000        1.0000000000
        0.0400920000        0.0006290000        0.0000000000
! d functions
H   1   1
        0.2106040000        1.0000000000
