! cc-pvdz-ecp-bfd
! s functions
H  10   2
        0.0598030000        0.0000000000        1.0000000000
        0.0598870000        0.1674920000        0.0000000000
        0.1301080000        0.5325500000        0.0000000000
        0.2826680000        0.4642900000        0.0000000000
        0.6141150000       -0.0023220000        0.0000000000
        1.3342050000       -0.2682340000        0.0000000000
        2.8986450000        0.0319210000        0.0000000000
        6.2974930000       -0.0001060000        0.0000000000
       13.6817070000       -0.0001450000        0.0000000000
       29.7243870000        0.0000670000        0.0000000000
! p functions
H  10   2
        0.0365250000        0.0787610000        0.0000000000
        0.0761370000        0.3083310000        0.0000000000
        0.0815700000        0.0000000000        1.0000000000
        0.1587120000        0.4177730000        0.0000000000
        0.3308430000        0.2816760000        0.0000000000
        0.6896580000        0.0698760000        0.0000000000
        1.4376250000       -0.0563060000        0.0000000000
        2.9967970000        0.0007440000        0.0000000000
        6.2469660000       -0.0002590000        0.0000000000
       13.0220970000       -0.0000220000        0.0000000000
! d functions
H   1   1
        0.2836260000        1.0000000000
