! cc-pvdz-ecp-bfd
! s functions
H  10   2
        0.0311990000        0.0000000000        1.0000000000
        0.0590000000        0.2388820000        0.0000000000
        0.1243270000        0.5988060000        0.0000000000
        0.2619860000        0.4225310000        0.0000000000
        0.5520650000       -0.0357270000        0.0000000000
        1.1633300000       -0.6317900000        0.0000000000
        2.4514070000        0.2942970000        0.0000000000
        5.1656850000       -0.0575920000        0.0000000000
       10.8853030000        0.0093330000        0.0000000000
       22.9378720000       -0.0012980000        0.0000000000
! p functions
H  10   2
        0.0305130000        0.0839580000        0.0000000000
        0.0583850000        0.0000000000        1.0000000000
        0.0633060000        0.3406600000        0.0000000000
        0.1313420000        0.4582570000        0.0000000000
        0.2724970000        0.2579500000        0.0000000000
        0.5653510000        0.0209220000        0.0000000000
        1.1729380000       -0.1891210000        0.0000000000
        2.4335040000        0.0540680000        0.0000000000
        5.0488100000       -0.0070130000        0.0000000000
       10.4748080000        0.0007490000        0.0000000000
! d functions
H   1   1
        0.1703480000        1.0000000000
