! cc-pvdz-ecp-bfd
! s functions
H  10   2
        0.0451930000        0.0000000000        1.0000000000
        0.0751420000        0.1725060000        0.0000000000
        0.1575840000        0.5881770000        0.0000000000
        0.3304750000        0.5426590000        0.0000000000
        0.6930510000       -0.1039300000        0.0000000000
        1.4534240000       -0.5709630000        0.0000000000
        3.0480320000        0.2396270000        0.0000000000
        6.3921440000       -0.0379000000        0.0000000000
       13.4052110000        0.0050570000        0.0000000000
       28.1125810000       -0.0006430000        0.0000000000
! p functions
H  10   2
        0.0448210000        0.0595810000        0.0000000000
        0.0800580000        0.0000000000        1.0000000000
        0.0898260000        0.2892000000        0.0000000000
        0.1800210000        0.4674230000        0.0000000000
        0.3607800000        0.3317760000        0.0000000000
        0.7230400000        0.0054060000        0.0000000000
        1.4490480000       -0.1917210000        0.0000000000
        2.9040420000        0.0455380000        0.0000000000
        5.8200010000       -0.0036000000        0.0000000000
       11.6638850000        0.0002050000        0.0000000000
! d functions
H   1   1
        0.2385660000        1.0000000000
