
Al:aug-cc-pvqz-ecp-bfd


  5
    0    1    2    3    4
    5    5    4    3    2
   13   13    4    3    2

     0.01830000     0.04551800     0.05868800     0.10030800     0.15021500
     0.22105100     0.32419300     0.48713200     1.07350000     2.36568600
     5.21329400    11.48860600    25.31759700

     0.00000000     0.00000000     0.00000000     0.00000000     1.00000000
     0.20619300     0.00000000     0.00000000     0.00000000     0.00000000
     0.00000000     1.00000000     0.00000000     0.00000000     0.00000000
     0.55988700     0.00000000     0.00000000     0.00000000     0.00000000
     0.00000000     0.00000000     1.00000000     0.00000000     0.00000000
     0.40785200     0.00000000     0.00000000     0.00000000     0.00000000
     0.00000000     0.00000000     0.00000000     1.00000000     0.00000000
    -0.04109800     0.00000000     0.00000000     0.00000000     0.00000000
    -0.23865200     0.00000000     0.00000000     0.00000000     0.00000000
     0.03813200     0.00000000     0.00000000     0.00000000     0.00000000
    -0.00393500     0.00000000     0.00000000     0.00000000     0.00000000
     0.00047000     0.00000000     0.00000000     0.00000000     0.00000000
    -0.00001400     0.00000000     0.00000000     0.00000000     0.00000000

     0.01210000     0.01484800     0.03096700     0.03486600     0.06458600
     0.08411700     0.13470000     0.28093200     0.40392900     0.58591300
     1.22198500     2.54857800     5.31533000

     0.00000000     0.00000000     0.00000000     0.00000000     1.00000000
     0.00993200     0.00000000     0.00000000     0.00000000     0.00000000
     0.16021200     0.00000000     0.00000000     0.00000000     0.00000000
     0.00000000     1.00000000     0.00000000     0.00000000     0.00000000
     0.38917100     0.00000000     0.00000000     0.00000000     0.00000000
     0.00000000     0.00000000     0.00000000     1.00000000     0.00000000
     0.37323500     0.00000000     0.00000000     0.00000000     0.00000000
     0.19580000     0.00000000     0.00000000     0.00000000     0.00000000
     0.00000000     0.00000000     1.00000000     0.00000000     0.00000000
     0.02294700     0.00000000     0.00000000     0.00000000     0.00000000
    -0.05329300     0.00000000     0.00000000     0.00000000     0.00000000
     0.00484600     0.00000000     0.00000000     0.00000000     0.00000000
    -0.00072600     0.00000000     0.00000000     0.00000000     0.00000000

     0.02820000     0.09239200     0.24521200     0.72631800

     0.00000000     0.00000000     0.00000000     1.00000000
     1.00000000     0.00000000     0.00000000     0.00000000
     0.00000000     1.00000000     0.00000000     0.00000000
     0.00000000     0.00000000     1.00000000     0.00000000

     0.05820000     0.16090900     0.40928500

     0.00000000     0.00000000     1.00000000
     1.00000000     0.00000000     0.00000000
     0.00000000     1.00000000     0.00000000

     0.15300000     0.35202700

     0.00000000     1.00000000
     1.00000000     0.00000000

