
Be:aug-cc-pvqz-ecp-bfd


  5
    0    1    2    3    4
    5    5    4    3    2
   13   13    4    3    2

     0.01228700     0.01439000     0.03006800     0.05400200     0.09698600
     0.17418600     0.17534100     0.31283600     0.56185000     1.00907700
     1.24439800     1.81229000     3.25485200

     0.00000000     1.00000000     0.00000000     0.00000000     0.00000000
     0.00000000     0.00000000     0.00000000     0.00000000     1.00000000
     0.02510500     0.00000000     0.00000000     0.00000000     0.00000000
     0.17889000     0.00000000     0.00000000     0.00000000     0.00000000
     0.26393900     0.00000000     0.00000000     0.00000000     0.00000000
     0.43594600     0.00000000     0.00000000     0.00000000     0.00000000
     0.00000000     0.00000000     1.00000000     0.00000000     0.00000000
    -0.00818800     0.00000000     0.00000000     0.00000000     0.00000000
     0.04950900     0.00000000     0.00000000     0.00000000     0.00000000
    -0.11457600     0.00000000     0.00000000     0.00000000     0.00000000
     0.00000000     0.00000000     0.00000000     1.00000000     0.00000000
    -0.06720700     0.00000000     0.00000000     0.00000000     0.00000000
     0.01725000     0.00000000     0.00000000     0.00000000     0.00000000

     0.00650000     0.01506400     0.02858400     0.05423600     0.10291100
     0.10834600     0.19526900     0.31706100     0.37051300     0.70303000
     1.33396700     1.58573900     2.53113900

     0.00000000     0.00000000     0.00000000     0.00000000     1.00000000
     0.73505200     0.00000000     0.00000000     0.00000000     0.00000000
    -0.47621400     0.00000000     0.00000000     0.00000000     0.00000000
     0.56480600     0.00000000     0.00000000     0.00000000     0.00000000
    -0.10857500     0.00000000     0.00000000     0.00000000     0.00000000
     0.00000000     0.00000000     0.00000000     1.00000000     0.00000000
     0.23386200     0.00000000     0.00000000     0.00000000     0.00000000
     0.00000000     1.00000000     0.00000000     0.00000000     0.00000000
    -0.00900300     0.00000000     0.00000000     0.00000000     0.00000000
     0.06751000     0.00000000     0.00000000     0.00000000     0.00000000
    -0.00286800     0.00000000     0.00000000     0.00000000     0.00000000
     0.00000000     0.00000000     1.00000000     0.00000000     0.00000000
     0.01786900     0.00000000     0.00000000     0.00000000     0.00000000

     0.05540000     0.12522800     0.30165600     0.80106500

     0.00000000     0.00000000     0.00000000     1.00000000
     1.00000000     0.00000000     0.00000000     0.00000000
     0.00000000     0.00000000     1.00000000     0.00000000
     0.00000000     1.00000000     0.00000000     0.00000000

     0.09300000     0.15343900     0.37753600

     0.00000000     0.00000000     1.00000000
     1.00000000     0.00000000     0.00000000
     0.00000000     1.00000000     0.00000000

     0.18340000     0.33880100

     0.00000000     1.00000000
     1.00000000     0.00000000

