
Cl:aug-cc-pvqz-ecp-bfd


  5
    0    1    2    3    4
    5    5    4    3    2
   13   13    4    3    2

     0.05190000     0.11994400     0.16159400     0.25734800     0.44011100
     0.55215700     0.84892800     1.18469100     2.54183600     5.45368100
    11.70124300    25.10581200    53.86622600

     0.00000000     0.00000000     0.00000000     0.00000000     1.00000000
     0.14891700     0.00000000     0.00000000     0.00000000     0.00000000
     0.00000000     1.00000000     0.00000000     0.00000000     0.00000000
     0.50361600     0.00000000     0.00000000     0.00000000     0.00000000
     0.00000000     0.00000000     1.00000000     0.00000000     0.00000000
     0.52399500     0.00000000     0.00000000     0.00000000     0.00000000
     0.00000000     0.00000000     0.00000000     1.00000000     0.00000000
     0.01361200     0.00000000     0.00000000     0.00000000     0.00000000
    -0.32884600     0.00000000     0.00000000     0.00000000     0.00000000
     0.05630900     0.00000000     0.00000000     0.00000000     0.00000000
    -0.00130100     0.00000000     0.00000000     0.00000000     0.00000000
    -0.00029400     0.00000000     0.00000000     0.00000000     0.00000000
     0.00007600     0.00000000     0.00000000     0.00000000     0.00000000

     0.03760000     0.07437400     0.11130900     0.15508400     0.28940300
     0.32337800     0.67430300     1.28688100     1.40604300     2.93185500
     6.11345000    12.74765100    26.58116500

     0.00000000     0.00000000     0.00000000     0.00000000     1.00000000
     0.08492500     0.00000000     0.00000000     0.00000000     0.00000000
     0.00000000     1.00000000     0.00000000     0.00000000     0.00000000
     0.27065800     0.00000000     0.00000000     0.00000000     0.00000000
     0.00000000     0.00000000     0.00000000     1.00000000     0.00000000
     0.39602200     0.00000000     0.00000000     0.00000000     0.00000000
     0.32432500     0.00000000     0.00000000     0.00000000     0.00000000
     0.00000000     0.00000000     1.00000000     0.00000000     0.00000000
     0.10066100     0.00000000     0.00000000     0.00000000     0.00000000
    -0.06980200     0.00000000     0.00000000     0.00000000     0.00000000
    -0.00095100     0.00000000     0.00000000     0.00000000     0.00000000
     0.00150100     0.00000000     0.00000000     0.00000000     0.00000000
    -0.00024900     0.00000000     0.00000000     0.00000000     0.00000000

     0.09520000     0.25306300     0.64258900     1.65471700

     0.00000000     0.00000000     0.00000000     1.00000000
     1.00000000     0.00000000     0.00000000     0.00000000
     0.00000000     1.00000000     0.00000000     0.00000000
     0.00000000     0.00000000     1.00000000     0.00000000

     0.21700000     0.44817500     1.18980700

     0.00000000     0.00000000     1.00000000
     1.00000000     0.00000000     0.00000000
     0.00000000     1.00000000     0.00000000

     0.37800000     0.84830700

     0.00000000     1.00000000
     1.00000000     0.00000000

