
F:aug-cc-pvqz-ecp-bfd


  5
    0    1    2    3    4
    5    5    4    3    2
   13   13    4    3    2

     0.08594000     0.17272300     0.29434500     0.36487500     0.77079500
     1.04801300     1.62829500     1.70565300     3.43975700     7.26645100
    15.35030000    32.42734800    68.50243300

     0.00000000     0.00000000     0.00000000     0.00000000     1.00000000
     0.07024000     0.00000000     0.00000000     0.00000000     0.00000000
     0.00000000     1.00000000     0.00000000     0.00000000     0.00000000
     0.31108800     0.00000000     0.00000000     0.00000000     0.00000000
     0.44467500     0.00000000     0.00000000     0.00000000     0.00000000
     0.00000000     0.00000000     1.00000000     0.00000000     0.00000000
     0.28701100     0.00000000     0.00000000     0.00000000     0.00000000
     0.00000000     0.00000000     0.00000000     1.00000000     0.00000000
     0.01875900     0.00000000     0.00000000     0.00000000     0.00000000
    -0.12860800     0.00000000     0.00000000     0.00000000     0.00000000
     0.00910400     0.00000000     0.00000000     0.00000000     0.00000000
     0.00081000     0.00000000     0.00000000     0.00000000     0.00000000
    -0.00013300     0.00000000     0.00000000     0.00000000     0.00000000

     0.06568000     0.10100100     0.20441400     0.20580600     0.41370700
     0.64724000     0.83728900     1.65068800     1.69456500     3.42958000
     6.94102600    14.04773700    28.43079900

     0.00000000     0.00000000     0.00000000     0.00000000     1.00000000
     0.03532100     0.00000000     0.00000000     0.00000000     0.00000000
     0.13692400     0.00000000     0.00000000     0.00000000     0.00000000
     0.00000000     1.00000000     0.00000000     0.00000000     0.00000000
     0.24935300     0.00000000     0.00000000     0.00000000     0.00000000
     0.00000000     0.00000000     1.00000000     0.00000000     0.00000000
     0.28662000     0.00000000     0.00000000     0.00000000     0.00000000
     0.00000000     0.00000000     0.00000000     1.00000000     0.00000000
     0.25454100     0.00000000     0.00000000     0.00000000     0.00000000
     0.16957200     0.00000000     0.00000000     0.00000000     0.00000000
     0.08854200     0.00000000     0.00000000     0.00000000     0.00000000
     0.03984300     0.00000000     0.00000000     0.00000000     0.00000000
     0.00337800     0.00000000     0.00000000     0.00000000     0.00000000

     0.20700000     0.58735400     1.72439200     4.99808500

     0.00000000     0.00000000     0.00000000     1.00000000
     1.00000000     0.00000000     0.00000000     0.00000000
     0.00000000     1.00000000     0.00000000     0.00000000
     0.00000000     0.00000000     1.00000000     0.00000000

     0.46000000     1.17814700     3.69428500

     0.00000000     0.00000000     1.00000000
     1.00000000     0.00000000     0.00000000
     0.00000000     1.00000000     0.00000000

     0.92400000     2.40658300

     0.00000000     1.00000000
     1.00000000     0.00000000

