
H:aug-cc-pvqz-ecp-bfd


  4
    0    1    2    3
    5    4    3    2
   13   12    3    2

     0.01300000     0.02363000     0.02990000     0.06877000     0.12059900
     0.15817000     0.36379200     0.40478300     0.71512900     0.83672100
     1.92445800     4.42625400    10.18038500

     0.00070600     0.00000000     0.00000000     0.00000000     0.00000000
     0.00000000     0.00000000     0.00000000     0.00000000     1.00000000
    -0.00211900     0.00000000     0.00000000     0.00000000     0.00000000
     0.05769300     0.00000000     0.00000000     0.00000000     0.00000000
     0.00000000     1.00000000     0.00000000     0.00000000     0.00000000
     0.23069500     0.00000000     0.00000000     0.00000000     0.00000000
     0.27761200     0.00000000     0.00000000     0.00000000     0.00000000
     0.00000000     0.00000000     1.00000000     0.00000000     0.00000000
     0.00000000     0.00000000     0.00000000     1.00000000     0.00000000
     0.16983300     0.00000000     0.00000000     0.00000000     0.00000000
     0.09744300     0.00000000     0.00000000     0.00000000     0.00000000
     0.02996600     0.00000000     0.00000000     0.00000000     0.00000000
    -0.00045200     0.00000000     0.00000000     0.00000000     0.00000000

     0.00300000     0.00780000     0.02028100     0.05273000     0.08480000
     0.13709700     0.26303800     0.35645100     0.77453600     0.92677400
     2.40961200     6.26499100

     0.00124200     0.00000000     0.00000000     0.00000000
    -0.00091300     0.00000000     0.00000000     0.00000000
    -0.00005400     0.00000000     0.00000000     0.00000000
    -0.00023800     0.00000000     0.00000000     0.00000000
     0.00000000     0.00000000     0.00000000     1.00000000
    -0.01153000     0.00000000     0.00000000     0.00000000
     0.00000000     0.00000000     1.00000000     0.00000000
    -0.01823500     0.00000000     0.00000000     0.00000000
     0.00000000     1.00000000     0.00000000     0.00000000
    -0.01392900     0.00000000     0.00000000     0.00000000
    -0.00939500     0.00000000     0.00000000     0.00000000
    -0.00034700     0.00000000     0.00000000     0.00000000

     0.19000000     0.63665600     2.31588300

     0.00000000     0.00000000     1.00000000
     0.00000000     1.00000000     0.00000000
     1.00000000     0.00000000     0.00000000

     0.36000000     1.13081900

     0.00000000     1.00000000
     1.00000000     0.00000000

