
Li:aug-cc-pvqz-ecp-bfd


  5
    0    1    2    3    4
    5    5    4    3    2
   13   13    4    3    2

     0.00636000     0.01012500     0.02343700     0.02483400     0.05425100
     0.10977000     0.12558100     0.29069700     0.51969300     0.67290900
     1.55765900     3.60568900     8.34649400

     0.00000000     0.00000000     0.00000000     0.00000000     1.00000000
     0.00784100     0.00000000     0.00000000     0.00000000     0.00000000
     0.25811800     0.00000000     0.00000000     0.00000000     0.00000000
     0.00000000     1.00000000     0.00000000     0.00000000     0.00000000
     0.42330700     0.00000000     0.00000000     0.00000000     0.00000000
     0.00000000     0.00000000     1.00000000     0.00000000     0.00000000
     0.16782500     0.00000000     0.00000000     0.00000000     0.00000000
    -0.06833200     0.00000000     0.00000000     0.00000000     0.00000000
     0.00000000     0.00000000     0.00000000     1.00000000     0.00000000
    -0.11926900     0.00000000     0.00000000     0.00000000     0.00000000
     0.00773600     0.00000000     0.00000000     0.00000000     0.00000000
     0.00363000     0.00000000     0.00000000     0.00000000     0.00000000
    -0.00064600     0.00000000     0.00000000     0.00000000     0.00000000

     0.00756000     0.01830000     0.03169900     0.05490800     0.07066200
     0.09511100     0.11582300     0.16475100     0.20750500     0.28537900
     0.49433000     0.85627300     1.48322500

     0.00000000     0.00000000     0.00000000     0.00000000     1.00000000
    -0.00590600     0.00000000     0.00000000     0.00000000     0.00000000
    -0.03142200     0.00000000     0.00000000     0.00000000     0.00000000
    -0.04362800     0.00000000     0.00000000     0.00000000     0.00000000
     0.00000000     1.00000000     0.00000000     0.00000000     0.00000000
    -0.01678100     0.00000000     0.00000000     0.00000000     0.00000000
     0.00000000     0.00000000     1.00000000     0.00000000     0.00000000
    -0.07859400     0.00000000     0.00000000     0.00000000     0.00000000
     0.00000000     0.00000000     0.00000000     1.00000000     0.00000000
     0.01556200     0.00000000     0.00000000     0.00000000     0.00000000
    -0.03083000     0.00000000     0.00000000     0.00000000     0.00000000
     0.00618500     0.00000000     0.00000000     0.00000000     0.00000000
    -0.00862100     0.00000000     0.00000000     0.00000000     0.00000000

     0.02660000     0.02981700     0.08935300     0.21499000

     0.00000000     0.00000000     0.00000000     1.00000000
     1.00000000     0.00000000     0.00000000     0.00000000
     0.00000000     1.00000000     0.00000000     0.00000000
     0.00000000     0.00000000     1.00000000     0.00000000

     0.05520000     0.09993000     0.24032300

     0.00000000     0.00000000     1.00000000
     1.00000000     0.00000000     0.00000000
     0.00000000     1.00000000     0.00000000

     0.10500000     0.19957000

     0.00000000     1.00000000
     1.00000000     0.00000000

