
Mg:aug-cc-pvqz-ecp-bfd


  5
    0    1    2    3    4
    5    5    4    3    2
   13   13    4    3    2

     0.01239000     0.02337800     0.03097500     0.06295900     0.12797000
     0.18814100     0.26011100     0.52870000     0.61620500     1.07463000
     2.18428500     4.43975900     9.02421700

     0.00000000     0.00000000     0.00000000     0.00000000     1.00000000
     0.00000000     1.00000000     0.00000000     0.00000000     0.00000000
     0.16529000     0.00000000     0.00000000     0.00000000     0.00000000
     0.50627200     0.00000000     0.00000000     0.00000000     0.00000000
     0.33319700     0.00000000     0.00000000     0.00000000     0.00000000
     0.00000000     0.00000000     1.00000000     0.00000000     0.00000000
     0.05748200     0.00000000     0.00000000     0.00000000     0.00000000
    -0.13761400     0.00000000     0.00000000     0.00000000     0.00000000
     0.00000000     0.00000000     0.00000000     1.00000000     0.00000000
    -0.13537800     0.00000000     0.00000000     0.00000000     0.00000000
     0.04831000     0.00000000     0.00000000     0.00000000     0.00000000
    -0.00531200     0.00000000     0.00000000     0.00000000     0.00000000
     0.00046500     0.00000000     0.00000000     0.00000000     0.00000000

     0.00706000     0.04705500     0.08325300     0.08916700     0.14729800
     0.20921000     0.26061100     0.46109400     0.81580300     0.84685900
     1.44338300     2.55374500     4.51828600

     0.00000000     0.00000000     0.00000000     0.00000000     1.00000000
     1.50203800     0.00000000     0.00000000     0.00000000     0.00000000
    -1.43394400     0.00000000     0.00000000     0.00000000     0.00000000
     0.00000000     1.00000000     0.00000000     0.00000000     0.00000000
     1.31898700     0.00000000     0.00000000     0.00000000     0.00000000
     0.00000000     0.00000000     1.00000000     0.00000000     0.00000000
    -0.74112400     0.00000000     0.00000000     0.00000000     0.00000000
     0.43630000     0.00000000     0.00000000     0.00000000     0.00000000
    -0.24379800     0.00000000     0.00000000     0.00000000     0.00000000
     0.00000000     0.00000000     0.00000000     1.00000000     0.00000000
     0.08677400     0.00000000     0.00000000     0.00000000     0.00000000
    -0.02867700     0.00000000     0.00000000     0.00000000     0.00000000
     0.00608500     0.00000000     0.00000000     0.00000000     0.00000000

     0.03820000     0.09552600     0.23322200     0.73408900

     0.00000000     0.00000000     0.00000000     1.00000000
     1.00000000     0.00000000     0.00000000     0.00000000
     0.00000000     0.00000000     1.00000000     0.00000000
     0.00000000     1.00000000     0.00000000     0.00000000

     0.07000000     0.12702500     0.30490700

     0.00000000     0.00000000     1.00000000
     1.00000000     0.00000000     0.00000000
     0.00000000     1.00000000     0.00000000

     0.14800000     0.19227200

     0.00000000     1.00000000
     1.00000000     0.00000000

