
N:aug-cc-pvqz-ecp-bfd


  5
    0    1    2    3    4
    5    5    4    3    2
   13   13    4    3    2

     0.05464000     0.09886900     0.13576400     0.21144300     0.31082600
     0.45219700     0.96708000     1.62500100     2.06822100     4.42315000
     9.45946200    20.23024600    43.26491900

     0.00000000     0.00000000     0.00000000     0.00000000     1.00000000
     0.06726600     0.00000000     0.00000000     0.00000000     0.00000000
     0.00000000     1.00000000     0.00000000     0.00000000     0.00000000
     0.33429000     0.00000000     0.00000000     0.00000000     0.00000000
     0.00000000     0.00000000     1.00000000     0.00000000     0.00000000
     0.45425700     0.00000000     0.00000000     0.00000000     0.00000000
     0.26786100     0.00000000     0.00000000     0.00000000     0.00000000
     0.00000000     0.00000000     0.00000000     1.00000000     0.00000000
     0.00024800     0.00000000     0.00000000     0.00000000     0.00000000
    -0.13260600     0.00000000     0.00000000     0.00000000     0.00000000
     0.01443700     0.00000000     0.00000000     0.00000000     0.00000000
     0.00035900     0.00000000     0.00000000     0.00000000     0.00000000
    -0.00009400     0.00000000     0.00000000     0.00000000     0.00000000

     0.04402000     0.07323400     0.14073600     0.14586700     0.29053500
     0.41310300     0.57868300     1.02075000     1.15261200     2.29575600
     4.57265200     9.10773900    18.14065700

     0.00000000     0.00000000     0.00000000     0.00000000     1.00000000
     0.03575800     0.00000000     0.00000000     0.00000000     0.00000000
     0.00000000     1.00000000     0.00000000     0.00000000     0.00000000
     0.15394500     0.00000000     0.00000000     0.00000000     0.00000000
     0.27765600     0.00000000     0.00000000     0.00000000     0.00000000
     0.00000000     0.00000000     1.00000000     0.00000000     0.00000000
     0.29767600     0.00000000     0.00000000     0.00000000     0.00000000
     0.00000000     0.00000000     0.00000000     1.00000000     0.00000000
     0.23440300     0.00000000     0.00000000     0.00000000     0.00000000
     0.14032100     0.00000000     0.00000000     0.00000000     0.00000000
     0.06721900     0.00000000     0.00000000     0.00000000     0.00000000
     0.03159400     0.00000000     0.00000000     0.00000000     0.00000000
     0.00330100     0.00000000     0.00000000     0.00000000     0.00000000

     0.11100000     0.34623300     1.00989500     3.02845900

     0.00000000     0.00000000     0.00000000     1.00000000
     1.00000000     0.00000000     0.00000000     0.00000000
     0.00000000     1.00000000     0.00000000     0.00000000
     0.00000000     0.00000000     1.00000000     0.00000000

     0.24500000     0.69112900     2.02474700

     0.00000000     0.00000000     1.00000000
     1.00000000     0.00000000     0.00000000
     0.00000000     1.00000000     0.00000000

     0.55900000     1.35751200

     0.00000000     1.00000000
     1.00000000     0.00000000

