
Na:aug-cc-pvqz-ecp-bfd


  5
    0    1    2    3    4
    5    5    4    3    2
   13   13    4    3    2

     0.00503000     0.01306100     0.03004100     0.06491500     0.06909200
     0.15890800     0.36548100     0.77104600     0.84058900     1.13445800
     1.93331500     4.44653300    10.22681600

     0.00000000     0.00000000     0.00000000     0.00000000     1.00000000
     0.20011800     0.00000000     0.00000000     0.00000000     0.00000000
     0.46765200     0.00000000     0.00000000     0.00000000     0.00000000
     0.00000000     1.00000000     0.00000000     0.00000000     0.00000000
     0.22773800     0.00000000     0.00000000     0.00000000     0.00000000
    -0.06158100     0.00000000     0.00000000     0.00000000     0.00000000
    -0.13753300     0.00000000     0.00000000     0.00000000     0.00000000
     0.00000000     0.00000000     0.00000000     1.00000000     0.00000000
     0.00332300     0.00000000     0.00000000     0.00000000     0.00000000
     0.00000000     0.00000000     1.00000000     0.00000000     0.00000000
     0.00374100     0.00000000     0.00000000     0.00000000     0.00000000
    -0.00111700     0.00000000     0.00000000     0.00000000     0.00000000
     0.00024400     0.00000000     0.00000000     0.00000000     0.00000000

     0.00259300     0.00674100     0.00772000     0.01752500     0.04556300
     0.05966200     0.09671400     0.11846100     0.30798700     0.55297600
     0.80073800     2.08184700     5.41261700

    -0.00284000     0.00000000     0.00000000     0.00000000     0.00000000
     0.00534000     0.00000000     0.00000000     0.00000000     0.00000000
     0.00000000     0.00000000     0.00000000     0.00000000     1.00000000
    -0.02593600     0.00000000     0.00000000     0.00000000     0.00000000
    -0.05346600     0.00000000     0.00000000     0.00000000     0.00000000
     0.00000000     1.00000000     0.00000000     0.00000000     0.00000000
     0.00000000     0.00000000     1.00000000     0.00000000     0.00000000
    -0.05369100     0.00000000     0.00000000     0.00000000     0.00000000
     0.01443900     0.00000000     0.00000000     0.00000000     0.00000000
     0.00000000     0.00000000     0.00000000     1.00000000     0.00000000
     0.00619900     0.00000000     0.00000000     0.00000000     0.00000000
    -0.00102600     0.00000000     0.00000000     0.00000000     0.00000000
     0.00016800     0.00000000     0.00000000     0.00000000     0.00000000

     0.02100000     0.04691700     0.12778000     0.81386800

     0.00000000     0.00000000     0.00000000     1.00000000
     1.00000000     0.00000000     0.00000000     0.00000000
     0.00000000     0.00000000     1.00000000     0.00000000
     0.00000000     1.00000000     0.00000000     0.00000000

     0.04530000     0.12999200     0.62642900

     0.00000000     0.00000000     1.00000000
     1.00000000     0.00000000     0.00000000
     0.00000000     1.00000000     0.00000000

     0.08660000     0.58877800

     0.00000000     1.00000000
     1.00000000     0.00000000

