
Ne:aug-cc-pvqz-ecp-bfd


  5
    0    1    2    3    4
    5    5    4    3    2
   13   13    4    3    2

     0.10540000     0.20583500     0.39138400     0.39918600     0.74419600
     1.41504800     1.65840200     2.26115900     2.69063800     5.11610300
     9.72799400    18.49725600    35.17153400

     0.00000000     0.00000000     0.00000000     0.00000000     1.00000000
     0.05751400     0.00000000     0.00000000     0.00000000     0.00000000
     0.21577600     0.00000000     0.00000000     0.00000000     0.00000000
     0.00000000     1.00000000     0.00000000     0.00000000     0.00000000
     0.37479900     0.00000000     0.00000000     0.00000000     0.00000000
     0.32631300     0.00000000     0.00000000     0.00000000     0.00000000
     0.00000000     0.00000000     1.00000000     0.00000000     0.00000000
     0.00000000     0.00000000     0.00000000     1.00000000     0.00000000
     0.16638300     0.00000000     0.00000000     0.00000000     0.00000000
    -0.03914900     0.00000000     0.00000000     0.00000000     0.00000000
    -0.08590900     0.00000000     0.00000000     0.00000000     0.00000000
     0.00681600     0.00000000     0.00000000     0.00000000     0.00000000
     0.00020600     0.00000000     0.00000000     0.00000000     0.00000000

     0.08178000     0.12177200     0.23824800     0.24521500     0.46613600
     0.75734200     0.91200200     1.78434400     1.93837600     3.49109500
     6.83037800    13.36373200    26.14633200

     0.00000000     0.00000000     0.00000000     0.00000000     1.00000000
     0.02994300     0.00000000     0.00000000     0.00000000     0.00000000
     0.11420000     0.00000000     0.00000000     0.00000000     0.00000000
     0.00000000     1.00000000     0.00000000     0.00000000     0.00000000
     0.21961800     0.00000000     0.00000000     0.00000000     0.00000000
     0.00000000     0.00000000     1.00000000     0.00000000     0.00000000
     0.26886400     0.00000000     0.00000000     0.00000000     0.00000000
     0.25693200     0.00000000     0.00000000     0.00000000     0.00000000
     0.00000000     0.00000000     0.00000000     1.00000000     0.00000000
     0.19137800     0.00000000     0.00000000     0.00000000     0.00000000
     0.11217600     0.00000000     0.00000000     0.00000000     0.00000000
     0.06331700     0.00000000     0.00000000     0.00000000     0.00000000
     0.00805700     0.00000000     0.00000000     0.00000000     0.00000000

     0.27300000     0.73813100     2.18875100     6.17022400

     0.00000000     0.00000000     0.00000000     1.00000000
     1.00000000     0.00000000     0.00000000     0.00000000
     0.00000000     1.00000000     0.00000000     0.00000000
     0.00000000     0.00000000     1.00000000     0.00000000

     0.68900000     1.58998600     4.84940200

     0.00000000     0.00000000     1.00000000
     1.00000000     0.00000000     0.00000000
     0.00000000     1.00000000     0.00000000

     1.22400000     3.22879300

     0.00000000     1.00000000
     1.00000000     0.00000000

