
O:aug-cc-pvqz-ecp-bfd


  5
    0    1    2    3    4
    5    5    4    3    2
   13   13    4    3    2

     0.06959000     0.12534600     0.22438000     0.26802200     0.57309800
     0.84315700     1.22542900     1.35177100     2.62027700     5.60281800
    11.98024500    25.61680100    54.77521600

     0.00000000     0.00000000     0.00000000     0.00000000     1.00000000
     0.05574100     0.00000000     0.00000000     0.00000000     0.00000000
     0.00000000     1.00000000     0.00000000     0.00000000     0.00000000
     0.30484800     0.00000000     0.00000000     0.00000000     0.00000000
     0.45375200     0.00000000     0.00000000     0.00000000     0.00000000
     0.00000000     0.00000000     1.00000000     0.00000000     0.00000000
     0.29592600     0.00000000     0.00000000     0.00000000     0.00000000
     0.00000000     0.00000000     0.00000000     1.00000000     0.00000000
     0.01956700     0.00000000     0.00000000     0.00000000     0.00000000
    -0.12862700     0.00000000     0.00000000     0.00000000     0.00000000
     0.01202400     0.00000000     0.00000000     0.00000000     0.00000000
     0.00040700     0.00000000     0.00000000     0.00000000     0.00000000
    -0.00007600     0.00000000     0.00000000     0.00000000     0.00000000

     0.05348000     0.08359800     0.14856200     0.16701700     0.33367300
     0.45236400     0.66662700     1.10673700     1.33181600     2.66076100
     5.31578500    10.62010800    21.21731800

     0.00000000     0.00000000     0.00000000     0.00000000     1.00000000
     0.04495800     0.00000000     0.00000000     0.00000000     0.00000000
     0.00000000     1.00000000     0.00000000     0.00000000     0.00000000
     0.15017500     0.00000000     0.00000000     0.00000000     0.00000000
     0.25599900     0.00000000     0.00000000     0.00000000     0.00000000
     0.00000000     0.00000000     1.00000000     0.00000000     0.00000000
     0.28187900     0.00000000     0.00000000     0.00000000     0.00000000
     0.00000000     0.00000000     0.00000000     1.00000000     0.00000000
     0.24283500     0.00000000     0.00000000     0.00000000     0.00000000
     0.16113400     0.00000000     0.00000000     0.00000000     0.00000000
     0.08230800     0.00000000     0.00000000     0.00000000     0.00000000
     0.03989900     0.00000000     0.00000000     0.00000000     0.00000000
     0.00467900     0.00000000     0.00000000     0.00000000     0.00000000

     0.15400000     0.45571100     1.34433100     4.00886700

     0.00000000     0.00000000     0.00000000     1.00000000
     1.00000000     0.00000000     0.00000000     0.00000000
     0.00000000     1.00000000     0.00000000     0.00000000
     0.00000000     0.00000000     1.00000000     0.00000000

     0.32400000     0.87628900     2.76311500

     0.00000000     0.00000000     1.00000000
     1.00000000     0.00000000     0.00000000
     0.00000000     1.00000000     0.00000000

     0.71400000     1.75908100

     0.00000000     1.00000000
     1.00000000     0.00000000

