
P:aug-cc-pvqz-ecp-bfd


  5
    0    1    2    3    4
    5    5    4    3    2
   13   13    4    3    2

     0.03540000     0.07471800     0.09885100     0.16083400     0.25559300
     0.34620200     0.54605700     0.74521500     1.60410900     3.45291700
     7.43256100    15.99892400    34.43840800

     0.00000000     0.00000000     0.00000000     0.00000000     1.00000000
     0.14022500     0.00000000     0.00000000     0.00000000     0.00000000
     0.00000000     1.00000000     0.00000000     0.00000000     0.00000000
     0.50674600     0.00000000     0.00000000     0.00000000     0.00000000
     0.00000000     0.00000000     1.00000000     0.00000000     0.00000000
     0.49989300     0.00000000     0.00000000     0.00000000     0.00000000
     0.00000000     0.00000000     0.00000000     1.00000000     0.00000000
     0.03730100     0.00000000     0.00000000     0.00000000     0.00000000
    -0.28459100     0.00000000     0.00000000     0.00000000     0.00000000
     0.02476600     0.00000000     0.00000000     0.00000000     0.00000000
     0.00179800     0.00000000     0.00000000     0.00000000     0.00000000
    -0.00031400     0.00000000     0.00000000     0.00000000     0.00000000
     0.00008800     0.00000000     0.00000000     0.00000000     0.00000000

     0.02720000     0.05024200     0.07452200     0.10239100     0.18221100
     0.20866900     0.42525600     0.76453900     0.86665100     1.76619100
     3.59941000     7.33541800    14.94921700

     0.00000000     0.00000000     0.00000000     0.00000000     1.00000000
     0.07209500     0.00000000     0.00000000     0.00000000     0.00000000
     0.00000000     1.00000000     0.00000000     0.00000000     0.00000000
     0.27873500     0.00000000     0.00000000     0.00000000     0.00000000
     0.00000000     0.00000000     0.00000000     1.00000000     0.00000000
     0.41103400     0.00000000     0.00000000     0.00000000     0.00000000
     0.30472400     0.00000000     0.00000000     0.00000000     0.00000000
     0.00000000     0.00000000     1.00000000     0.00000000     0.00000000
     0.09172700     0.00000000     0.00000000     0.00000000     0.00000000
    -0.05706000     0.00000000     0.00000000     0.00000000     0.00000000
    -0.00510300     0.00000000     0.00000000     0.00000000     0.00000000
     0.00032800     0.00000000     0.00000000     0.00000000     0.00000000
    -0.00004600     0.00000000     0.00000000     0.00000000     0.00000000

     0.05940000     0.18650500     0.50240000     1.57644500

     0.00000000     0.00000000     0.00000000     1.00000000
     1.00000000     0.00000000     0.00000000     0.00000000
     0.00000000     1.00000000     0.00000000     0.00000000
     0.00000000     0.00000000     1.00000000     0.00000000

     0.10900000     0.28070200     0.71916100

     0.00000000     0.00000000     1.00000000
     1.00000000     0.00000000     0.00000000
     0.00000000     1.00000000     0.00000000

     0.25000000     0.59914400

     0.00000000     1.00000000
     1.00000000     0.00000000

