
S:aug-cc-pvqz-ecp-bfd


  5
    0    1    2    3    4
    5    5    4    3    2
   13   13    4    3    2

     0.04280000     0.09512000     0.12375900     0.20238500     0.31558700
     0.43061100     0.65190500     0.91620300     1.94938800     4.14767400
     8.82492600    18.77662300    39.95065600

     0.00000000     0.00000000     0.00000000     0.00000000     1.00000000
     0.14007400     0.00000000     0.00000000     0.00000000     0.00000000
     0.00000000     1.00000000     0.00000000     0.00000000     0.00000000
     0.49094200     0.00000000     0.00000000     0.00000000     0.00000000
     0.00000000     0.00000000     1.00000000     0.00000000     0.00000000
     0.51529700     0.00000000     0.00000000     0.00000000     0.00000000
     0.00000000     0.00000000     0.00000000     1.00000000     0.00000000
     0.05032000     0.00000000     0.00000000     0.00000000     0.00000000
    -0.29890800     0.00000000     0.00000000     0.00000000     0.00000000
     0.01982700     0.00000000     0.00000000     0.00000000     0.00000000
     0.00726600     0.00000000     0.00000000     0.00000000     0.00000000
    -0.00160200     0.00000000     0.00000000     0.00000000     0.00000000
     0.00027100     0.00000000     0.00000000     0.00000000     0.00000000

     0.03170000     0.05708700     0.07871700     0.11590100     0.20270700
     0.23530500     0.30133300     0.47772300     0.96988900     1.96909900
     3.99772600     8.11630700    16.47797900

     0.00000000     0.00000000     0.00000000     0.00000000     1.00000000
     0.08193800     0.00000000     0.00000000     0.00000000     0.00000000
     0.00000000     1.00000000     0.00000000     0.00000000     0.00000000
     0.25182600     0.00000000     0.00000000     0.00000000     0.00000000
     0.00000000     0.00000000     1.00000000     0.00000000     0.00000000
     0.37634400     0.00000000     0.00000000     0.00000000     0.00000000
     0.00000000     0.00000000     0.00000000     1.00000000     0.00000000
     0.32090200     0.00000000     0.00000000     0.00000000     0.00000000
     0.14377900     0.00000000     0.00000000     0.00000000     0.00000000
    -0.04554300     0.00000000     0.00000000     0.00000000     0.00000000
    -0.01719100     0.00000000     0.00000000     0.00000000     0.00000000
     0.00258000     0.00000000     0.00000000     0.00000000     0.00000000
    -0.00022200     0.00000000     0.00000000     0.00000000     0.00000000

     0.07480000     0.21570100     0.56063800     1.58820400

     0.00000000     0.00000000     0.00000000     1.00000000
     1.00000000     0.00000000     0.00000000     0.00000000
     0.00000000     1.00000000     0.00000000     0.00000000
     0.00000000     0.00000000     1.00000000     0.00000000

     0.14000000     0.35655400     0.96182600

     0.00000000     0.00000000     1.00000000
     1.00000000     0.00000000     0.00000000
     0.00000000     1.00000000     0.00000000

     0.29700000     0.69480300

     0.00000000     1.00000000
     1.00000000     0.00000000

