s, Be, 0.0327800000, 0.0737760000, 0.1786400000, 0.7915420000, 1.1267660000, 1.5349460000, 0.0589000000
c, 1.6, 0.03182200, -0.28469200, 0.13429300, 0.44771300, 0.50130100, 0.14384500
c, 1.6, 0.37171400, -1.46004000, 1.12592600, 1.59804500, -1.30667100, -0.32823900
c, 1.6, 1.88835000, -6.87687800, 6.62348400, -1.83689500, -0.30081700, 1.03572600
c, 1.6, -2.44233300, 3.46023900, 0.14852100, -3.44164600, 4.91618000, -2.70608700
c, 7.7, 1.00000000
p, Be, 0.0499400000, 0.1438000000, 0.1951000000, 0.7110000000, 3.6190000000
c, 3.5, 0.02910500, 0.16946600, 0.51296900
c, 2.2, 1.00000000
c, 1.1, 1.00000000
d, Be, 0.1803000000, 0.3480000000
c, 1.1, 1.00000000
c, 2.2, 1.00000000
f, Be, 0.3250000000
c, 1.1, 1.00000000
