s, Co, 0.0190000000, 0.0380330000, 0.1069620000, 0.5162180000, 1.0885800000, 2.2518710000, 9.7696450000, 14.9380110000, 27.9365220000
c, 2.9, -0.00747400, 0.21193600, -0.53326300, 0.53447100, 0.53675000, 0.14804400, 0.00697500, 0.00121300
c, 2.9, -0.00043900, -0.04088700, 0.12385600, -0.14878600, -0.27917300, -0.04066700, 0.70785300, 0.40521900
c, 2.9, -0.03377000, 0.00326000, 0.31415600, -1.17980200, -0.11834700, 1.12277500, 0.64561600, -1.13467300
c, 2.9, 0.08958100, -0.21783700, -0.22294500, 2.57592800, -2.60891600, -0.03227500, 1.75258900, -1.41373500
c, 2.9, 1.14245600, -6.27166300, 7.34384900, -5.06964000, 5.07003000, -2.01848700, -0.41053600, 1.92410400
c, 1.1, 1.00000000
p, Co, 0.1000000000, 0.2053540000, 0.5166780000, 1.0758320000, 2.1726000000, 4.4091540000, 12.5457010000, 16.3101720000
c, 2.8, 0.01761700, -0.06724200, 0.25378100, 0.41178600, 0.34158300, 0.12717300, 0.01132000
c, 2.8, -0.01314600, 0.05939300, -0.31513800, -0.30817900, 0.06233500, 0.34059100, 0.41307400
c, 2.8, 0.01881100, -0.10863200, 0.71676000, 0.36904700, -0.84282500, -0.48473600, 0.34259300
c, 2.8, 0.10486900, -0.04414100, -1.50767800, 1.32932700, 0.86508800, -1.27443700, -0.48683000
c, 2.8, -0.80076100, 1.20702800, 1.36075200, -3.72426400, 3.26241800, -0.58192000, -1.52088300
c, 1.1, 1.00000000
d, Co, 0.0650000000, 0.1294960000, 0.3667140000, 0.9417920000, 2.2898430000, 5.4420770000, 11.5210320000
c, 2.7, 0.08323100, 0.26568600, 0.34394200, 0.33678400, 0.23921300, 0.08803900
c, 2.7, -0.09357000, -0.35201000, -0.32626600, 0.15593900, 0.49477900, 0.34699400
c, 2.7, -0.10673400, -0.53376600, 0.01571100, 0.81693800, -0.10444800, -0.59562500
c, 2.7, -0.23247100, -0.77372000, 1.23768400, -0.16796100, -0.84148400, 0.64433000
c, 1.1, 1.00000000
f, Co, 0.7469560000, 2.4031190000, 6.5444150000
c, 1.1, 1.00000000
c, 3.3, 1.00000000
c, 2.2, 1.00000000
g, Co, 1.8157360000, 5.2699430000
c, 1.1, 1.00000000
c, 2.2, 1.00000000
h, Co, 4.1680720000
c, 1.1, 1.00000000
