s, Cr, 0.0170000000, 0.0339370000, 0.0915280000, 0.3744160000, 0.7872880000, 1.6494210000, 7.3544680000, 12.6598460000, 20.8735220000
c, 2.9, -0.01832500, 0.20195600, -0.53623100, 0.56644300, 0.53235500, 0.12701900, 0.00769400, 0.00290100
c, 2.9, 0.00233500, -0.04570600, 0.14040300, -0.17403700, -0.30390100, -0.04200700, 0.70558900, 0.42451200
c, 2.9, -0.03665500, -0.02992600, 0.42309200, -1.49975100, 0.16570500, 1.21004900, 0.38688600, -0.99632100
c, 2.9, 0.12984000, -0.23528600, -0.27722700, 2.93446900, -3.64983600, 0.80011500, 1.69729600, -1.56265100
c, 2.9, 0.63975700, -1.92126900, 1.48959200, 2.33328100, -5.96346200, 5.18838000, -2.79575900, 1.35465700
c, 1.1, 1.00000000
p, Cr, 0.1050000000, 0.2100590000, 0.5013160000, 1.0575190000, 2.1589330000, 4.4099550000, 7.5104900000, 18.1219910000
c, 2.8, 0.00192700, -0.10167700, 0.14732600, 0.36387500, 0.42081300, 0.22347700, 0.03191400
c, 2.8, -0.00231900, 0.10504000, -0.18535900, -0.39992600, -0.13292800, 0.33869400, 0.26172300
c, 2.8, 0.00405300, -0.20832000, 0.41223200, 0.83658700, -0.52318500, -0.79162500, -0.06759900
c, 2.8, -0.00879500, 0.47721400, -1.52074300, 0.05153600, 1.84734400, -0.96467800, -1.21077500
c, 2.8, 0.06725900, 0.23259900, -2.57372800, 3.55490500, -1.41544300, -1.41503800, 2.67186100
c, 1.1, 1.00000000
d, Cr, 0.0490000000, 0.0980840000, 0.2699350000, 0.6848560000, 1.6586410000, 3.9514500000, 8.4302200000
c, 2.7, 0.07466800, 0.24453800, 0.33766800, 0.34756600, 0.25531900, 0.09337300
c, 2.7, -0.07749700, -0.34449600, -0.36218600, 0.12885400, 0.49041400, 0.35775600
c, 2.7, -0.06532500, -0.56764800, -0.03810500, 0.87306600, -0.11779400, -0.59783000
c, 2.7, -0.23882800, -0.85432900, 1.38514700, -0.32799400, -0.73887200, 0.65151900
c, 1.1, 1.00000000
f, Cr, 0.5504200000, 1.7435250000, 4.4864050000
c, 1.1, 1.00000000
c, 2.2, 1.00000000
c, 3.3, 1.00000000
g, Cr, 1.4559870000, 3.9451200000
c, 1.1, 1.00000000
c, 2.2, 1.00000000
h, Cr, 3.1644560000
c, 1.1, 1.00000000
