s, Cs, 0.0126610000, 0.0278830000, 0.1721290000, 0.4008300000, 0.6713920000, 1.6483310000, 5.8426210000, 8.5503250000, 0.0707110000
c, 1.8, -0.02924100, 0.09830100, -0.48913100, -0.08988900, 0.85166900, 0.47990200, 0.01012500, -0.00310200
c, 1.8, 0.00774600, -0.02789100, 0.15861500, 0.01297800, -0.33136500, -0.28826400, 0.82451400, 0.32606000
c, 1.8, -0.09094900, 0.25013900, -1.34335700, 2.09562400, 0.86525300, -2.08535600, 0.32333200, 0.21337900
c, 1.8, 0.00451400, 0.12784500, -2.36067800, 10.21884500, -11.06469600, 3.63346600, 0.01836500, -0.45466400
c, 1.8, 0.84714900, -1.48232800, 1.31011700, 0.83112400, -2.98232400, 2.50245200, -2.93582100, 2.37901800
c, 9.9, 1.00000000
p, Cs, 0.1024790000, 0.2458900000, 0.5707410000, 0.8728670000, 2.2449360000, 3.2177600000, 5.8890920000, 0.1725910000
c, 1.7, -0.00032500, 0.08274100, -0.21131100, -0.11777700, 0.47609000, 0.58323800, 0.17746100
c, 1.7, 0.00584700, -0.18934500, 0.46142600, 0.08431200, -1.47771700, 0.49650400, 0.74333500
c, 1.7, 0.00601600, -0.33832200, 0.93898800, -1.75030000, -0.12583400, 2.35501400, -1.61784400
c, 1.7, 0.04178500, -0.86207300, 2.32194500, -8.88958800, 10.27438500, -4.50436500, 1.53519400
c, 1.7, 1.46265300, -9.70834700, 12.98898000, -11.84036100, 9.44527300, -2.56308500, 0.64943000
c, 8.8, 1.00000000
d, Cs, 0.0090390000, 0.0234040000, 0.0605960000, 0.4029470000, 1.8882190000, 2.4953950000, 0.2276730000
c, 1.6, 0.02219800, -0.04556800, 0.18209100, 0.38057200, 0.37050900, 0.40856500
c, 1.6, 0.01708800, -0.10304000, 0.99603300, 0.00802500, -0.22079000, -0.12141000
c, 1.6, 1.33241700, -1.77191100, -0.02673100, 1.15202000, -0.97884600, 0.08549600
c, 1.6, -2.10223300, 2.90596400, -0.70711200, 0.88427600, -0.64369000, 0.02509700
c, 7.7, 1.00000000
f, Cs, 0.3498530000, 0.7110230000
c, 1.1, 1.00000000
c, 2.2, 1.00000000
g, Cs, 0.6263450000
c, 1.1, 1.00000000
