s, Fe, 25.8826570000, 14.0377550000, 9.0077940000, 2.0683500000, 0.9934980000, 0.4711510000, 0.1024890000, 0.0369020000, 0.0175000000
c, 1.8, -0.01031800, 0.23036400, -0.56655100, 0.54443700, 0.54000100, 0.14311500, 0.00738600, 0.00186900
c, 1.8, 0.00034100, -0.04764600, 0.13646500, -0.15337100, -0.28855500, -0.04421200, 0.70476800, 0.41540700
c, 1.8, -0.03096700, -0.03419200, 0.38344300, -1.25919200, -0.09891300, 1.19432100, 0.55502400, -1.07756300
c, 1.8, 0.42996800, -1.78654400, 1.48264100, 2.68400400, -6.15249000, 4.80662100, -2.13483100, 0.80572800
c, 1.8, 1.27483000, -6.36913100, 7.26576200, -4.89338400, 4.85996300, -1.93941100, -0.42926200, 1.85645600
c, 9.9, 1.00000000
p, Fe, 16.6593890000, 10.4506530000, 4.1832890000, 2.1179620000, 1.0644940000, 0.5147430000, 0.2104420000, 0.1050000000
c, 1.7, 0.00722300, -0.07031500, 0.22916100, 0.39319900, 0.36159600, 0.15413900, 0.01649800
c, 1.7, -0.00556000, 0.06350600, -0.27695600, -0.32147900, -0.00480800, 0.33083300, 0.35709500
c, 1.7, 0.00818500, -0.12534800, 0.65718600, 0.50590800, -0.77375700, -0.59277900, 0.18531500
c, 1.7, 0.03753300, 0.08980500, -1.56959700, 1.10686100, 1.12915700, -1.16799800, -0.79549900
c, 1.7, -0.34888100, 0.67282600, 1.67487000, -3.92360200, 2.91735900, 0.01959500, -1.96590500
c, 8.8, 1.00000000
d, Fe, 10.2324130000, 4.8411510000, 2.0398270000, 0.8405650000, 0.3284850000, 0.1169260000, 0.0580000000
c, 1.6, 0.08159100, 0.26319000, 0.34285600, 0.33832600, 0.24073000, 0.08837500
c, 1.6, -0.08650000, -0.33973800, -0.32888200, 0.13002500, 0.49494100, 0.36593300
c, 1.6, -0.10142400, -0.54849200, -0.00209100, 0.82845700, -0.08820600, -0.59095800
c, 1.6, -0.23364700, -0.79323400, 1.27362100, -0.20138800, -0.82192800, 0.64182400
c, 7.7, 1.00000000
f, Fe, 6.1410570000, 2.4134700000, 0.8170200000
c, 3.3, 1.00000000
c, 2.2, 1.00000000
c, 1.1, 1.00000000
g, Fe, 4.9511660000, 1.9260330000
c, 2.2, 1.00000000
c, 1.1, 1.00000000
h, Fe, 4.3449180000
c, 1.1, 1.00000000
