s, H, 0.0792340000, 0.2072030000, 0.5519480000, 1.4934420000, 3.5466370000, 6.3592010000, 0.1027000000
c, 1.6, -0.00494300, 0.04957900, 0.03717600, 0.28790800, 0.00954300, 0.77008400
c, 1.6, -0.01667200, -0.00577400, -0.22798200, -0.28565200, -1.07157900, 1.42376700
c, 1.6, -0.01888600, -0.05885400, -0.55698800, -1.08402200, 2.72152500, -1.45809100
c, 1.6, -0.08199900, -0.06946000, -2.07555500, 4.12518000, -3.40759100, 1.26487300
c, 7.7, 1.00000000
p, H, 0.2920000000, 0.8380000000, 2.2920000000
c, 3.3, 1.00000000
c, 2.2, 1.00000000
c, 1.1, 1.00000000
d, H, 0.6620000000, 2.0620000000
c, 2.2, 1.00000000
c, 1.1, 1.00000000
f, H, 1.3970000000
c, 1.1, 1.00000000
