s, K, 12.0690480000, 9.2794200000, 3.8438240000, 0.9804950000, 0.5079870000, 0.2351400000, 0.0385800000, 0.0165660000, 0.0182060000
c, 1.8, -0.07076300, 0.19342800, -0.49365300, 0.36580200, 0.59710200, 0.26921000, 0.00456900, -0.00115800
c, 1.8, 0.01332200, -0.03919000, 0.11179600, -0.08977500, -0.20583200, -0.17881400, 0.72269800, 0.40407800
c, 1.8, -0.07094200, 0.23726400, -0.83298200, 2.38274400, -0.67328200, -1.32102400, 0.25672200, 0.20010800
c, 1.8, -0.67670500, 0.98139700, 0.15766300, -4.79324700, 7.53041700, -3.93121000, 0.34456700, 0.21464800
c, 1.8, 3.85514800, -6.36139900, 4.30496200, -3.59382700, 2.45526200, 0.02947900, -1.67851700, 1.47949200
c, 9.9, 1.00000000
p, K, 7.0640050000, 5.4169530000, 2.7115170000, 2.0788240000, 0.8540920000, 0.3740190000, 0.1542830000, 0.1745190000
c, 1.7, 0.02618600, -0.07114700, -0.14333800, 0.26779200, 0.43810700, 0.43541000, 0.12970400
c, 1.7, -0.02027800, 0.05834600, 0.63657000, -1.04995300, -0.75240300, 0.73102300, 0.49076300
c, 1.7, 0.05653500, -0.18299200, -0.82065800, 2.12953800, -0.70165600, -1.21300600, 1.32568000
c, 1.7, -0.05204500, 0.35115400, -0.19862500, -2.04590800, 3.76853600, -3.43244700, 1.53604700
c, 1.7, 0.31757200, -1.76743100, 14.61532500, -16.27929500, 5.50156800, -2.78494400, 0.85822400
c, 8.8, 1.00000000
d, K, 2.8002700000, 0.8147430000, 0.2141620000, 0.0524690000, 0.0161770000, 0.0052970000, 0.0700000000
c, 1.6, 0.03281300, 0.08194900, 0.08743500, 0.25919200, 0.66094700, 0.22183600
c, 1.6, 0.28006400, 0.74915600, 0.13260100, -0.07131500, -0.11791500, -0.04626700
c, 1.6, -0.69236000, 0.05414000, 0.86036400, -0.22420300, -0.01537400, -0.06630200
c, 1.6, 0.94920400, -1.16322700, 0.91301600, -0.11440600, -0.06233100, -0.05079900
c, 7.7, 1.00000000
f, K, 0.2040000000, 0.0680000000
c, 1.1, 1.00000000
c, 2.2, 1.00000000
g, K, 0.8880000000
c, 1.1, 1.00000000
