s, Li, 0.0217680000, 0.0488740000, 0.1103130000, 0.3092510000, 0.7259950000, 1.8659900000, 0.0280500000
c, 1.6, 0.00588700, -0.05775100, -0.11178900, 0.36160500, -0.24155400, 1.02790200
c, 1.6, 0.02156800, -0.16253900, 0.00023100, 0.10430300, 2.11228800, -1.97480300
c, 1.6, -0.03084600, 0.24303700, 0.30433800, -3.80073400, 5.12301100, -2.22475600
c, 1.6, 0.30020200, -2.16885600, 5.22402400, -6.12413000, 4.53127900, -1.48829500
c, 7.7, 1.00000000
p, Li, 0.0205000000, 0.0557800000, 0.0736200000, 0.2749000000, 1.5340000000
c, 3.5, 0.02278600, 0.13910200, 0.50037500
c, 2.2, 1.00000000
c, 1.1, 1.00000000
d, Li, 0.0801000000, 0.1874000000
c, 2.2, 1.00000000
c, 1.1, 1.00000000
f, Li, 0.1829000000
c, 1.1, 1.00000000
