s, Mg, 1.4782600000, 0.7302450000, 0.3102230000, 0.0920310000, 0.0433350000, 0.0196670000, 0.0399900000
c, 1.6, 0.04428800, -0.30245300, 0.11508300, 0.66535400, 0.34130800, 0.05569500
c, 1.6, 0.12566500, -0.85667400, 1.20515700, 1.22308100, -1.73456300, 0.02226600
c, 1.6, 0.00824100, -1.11836000, 3.29508000, -4.23765900, 2.59064000, -0.07014500
c, 1.6, -2.11822700, 5.08860200, -3.57990700, 0.84028100, 1.05435800, -1.14070300
c, 7.7, 1.00000000
p, Mg, 1.1524820000, 0.4806210000, 0.2841940000, 0.1149040000, 0.0604920000, 0.0181830000
c, 1.6, -0.03307300, -0.14337500, 0.31604300, 0.55758500, 0.30361400, 0.02191400
c, 1.6, -0.09181300, -0.49334600, 1.77270500, -0.35822600, -0.75145900, -0.03598500
c, 1.6, -0.55049500, 1.99900800, -0.43051900, -2.36454200, 1.90725900, -0.03675900
d, Mg, 0.1367000000, 0.0636000000
c, 1.1, 1.00000000
c, 2.2, 1.00000000
f, Mg, 0.1397000000
c, 1.1, 1.00000000
