s, Mn, 23.6450680000, 13.4620290000, 8.2126290000, 1.8599430000, 0.8897540000, 0.4225600000, 0.0974550000, 0.0355950000, 0.0180000000
c, 1.8, -0.01465900, 0.22366100, -0.56453500, 0.55460000, 0.53453600, 0.14276600, 0.00477000, 0.00044100
c, 1.8, 0.00161300, -0.04759900, 0.13657000, -0.16062400, -0.26448900, -0.06059300, 0.63313600, 0.49000300
c, 1.8, -0.04062300, -0.04571600, 0.50479700, -1.83186000, 0.49161200, 1.19346900, 0.12445200, -0.71666900
c, 1.8, 0.16222900, -0.40978200, -0.08904300, 3.10576200, -4.48453500, 1.70816000, 1.30789700, -1.49014600
c, 1.8, 0.70407100, -2.59844500, 2.37683600, 1.39197200, -4.71769700, 4.52233400, -2.92799200, 1.87538800
c, 9.9, 1.00000000
p, Mn, 17.8033170000, 8.8349950000, 4.1613400000, 2.1291960000, 1.0637130000, 0.5101410000, 0.2113020000, 0.1050000000
c, 1.7, 0.00317100, -0.08006000, 0.18573500, 0.37536700, 0.38862400, 0.19245000, 0.02614600
c, 1.7, -0.00408000, 0.11701100, -0.36162700, -0.56350800, 0.10239500, 0.57135600, 0.31004600
c, 1.7, 0.00503000, -0.15679500, 0.60267900, 0.51360900, -0.90821500, -0.41814600, 0.37129600
c, 1.7, 0.01489900, 0.22557600, -1.78437500, 1.17507300, 1.19112700, -1.32779100, -0.56736500
c, 1.7, -0.20241100, 0.50184400, 1.81905100, -4.08596100, 3.04118600, -0.10711700, -1.91674200
c, 8.8, 1.00000000
d, Mn, 9.2537360000, 4.3630160000, 1.8348210000, 0.7561180000, 0.2960920000, 0.1061250000, 0.0500000000
c, 1.6, 0.07628500, 0.24772200, 0.33005000, 0.33451800, 0.26354500, 0.11824100
c, 1.6, -0.08587400, -0.35443600, -0.36144700, 0.12662900, 0.48140200, 0.34789700
c, 1.6, -0.09163300, -0.58505800, 0.04740300, 0.83953100, -0.13876500, -0.54489000
c, 1.6, -0.23221400, -0.80228300, 1.32879000, -0.31055200, -0.74404100, 0.60814700
c, 7.7, 1.00000000
f, Mn, 4.9999380000, 1.9034580000, 0.6052630000
c, 3.3, 1.00000000
c, 2.2, 1.00000000
c, 1.1, 1.00000000
g, Mn, 4.4049810000, 1.6017120000
c, 2.2, 1.00000000
c, 1.1, 1.00000000
h, Mn, 3.5841820000
c, 1.1, 1.00000000
