s, Na, 1.4782600000, 0.7302450000, 0.3102230000, 0.0920310000, 0.0433350000, 0.0196670000, 0.0230700000
c, 1.6, 0.01654300, -0.07030200, -0.11252300, 0.24949000, -0.04953600, 0.91901100
c, 1.6, 0.04747600, -0.20313700, -0.05470200, 0.30586700, 1.91320500, -1.94217200
c, 1.6, -0.14115900, 0.62495000, -0.30518400, -3.42799600, 5.15741400, -2.32356300
c, 1.6, 0.52546100, -2.55155900, 4.75540800, -5.89206500, 5.13283500, -1.74837600
c, 7.7, 1.00000000
p, Na, 1.1911760000, 0.6882750000, 0.1583080000, 0.0944230000, 0.0362690000, 0.0147480000
c, 1.6, 0.00809800, -0.04655000, -0.00961700, 0.24470900, 0.61774300, 0.25106800
c, 1.6, 0.04000900, -0.17429900, 0.29730900, 1.05492100, -0.69332100, -0.36085900
c, 1.6, 0.04937300, -0.31616400, 3.09676800, -3.10969000, 0.14576600, 0.65165700
d, Na, 0.1367000000, 0.0636000000
c, 1.1, 1.00000000
c, 2.2, 1.00000000
f, Na, 0.1397000000
c, 1.1, 1.00000000
