s, Ni, 30.2582900000, 15.3295620000, 10.8273400000, 2.5295400000, 1.2126110000, 0.5699300000, 0.1115950000, 0.0392140000, 0.0200000000
c, 1.8, -0.00675400, 0.28578200, -0.61727500, 0.52868700, 0.54665100, 0.15330000, 0.00635700, 0.00055900
c, 1.8, -0.00071100, -0.05282500, 0.13423500, -0.13534000, -0.27602500, -0.04176200, 0.71205800, 0.39518600
c, 1.8, -0.02886700, -0.02689400, 0.32531200, -1.01783800, -0.26304400, 1.07819200, 0.76849800, -1.21836700
c, 1.8, 0.07723200, -0.17244100, -0.28565300, 2.48355100, -2.23691000, -0.30958100, 1.73193600, -1.35458600
c, 1.8, -0.37185600, 2.11557200, -1.87508000, -2.73169900, 6.02535300, -4.43243900, 1.71981100, -0.50480600
c, 9.9, 1.00000000
p, Ni, 17.5429470000, 13.4934070000, 4.6763870000, 2.2624850000, 1.1049510000, 0.5244220000, 0.2010130000, 0.1000000000
c, 1.7, 0.01855400, -0.06983700, 0.28270300, 0.42248900, 0.32585400, 0.10766900, 0.00807600
c, 1.7, -0.01062500, 0.05665600, -0.34902600, -0.28217300, 0.09404200, 0.36437300, 0.42811700
c, 1.7, 0.00932800, -0.09478500, 0.76726900, 0.26483800, -0.87927200, -0.39137800, 0.41676800
c, 1.7, -0.14275900, 0.10386900, 1.48555500, -1.47053700, -0.66879200, 1.30868400, 0.31602700
c, 1.7, -0.89653300, 1.36204800, 1.14652100, -3.54261100, 3.41103400, -0.95456700, -1.26248900
c, 8.8, 1.00000000
d, Ni, 12.2263190000, 5.8657280000, 2.4987310000, 1.0327770000, 0.4025470000, 0.1415170000, 0.0700000000
c, 1.6, 0.08367700, 0.27447300, 0.34229700, 0.33191000, 0.23493700, 0.08659000
c, 1.6, -0.09797700, -0.36484300, -0.31173500, 0.17370900, 0.49541800, 0.33545900
c, 1.6, -0.11248700, -0.53371600, 0.04923200, 0.80061900, -0.11329000, -0.59973300
c, 1.6, -0.24438500, -0.75814700, 1.24233800, -0.17295600, -0.84131100, 0.63978400
c, 7.7, 1.00000000
f, Ni, 7.1467150000, 2.6467360000, 0.8156990000
c, 3.3, 1.00000000
c, 1.1, 1.00000000
c, 2.2, 1.00000000
g, Ni, 5.8410600000, 1.9822050000
c, 2.2, 1.00000000
c, 1.1, 1.00000000
h, Ni, 4.6389020000
c, 1.1, 1.00000000
