s, Rb, 0.0151890000, 0.0346400000, 0.2016570000, 0.4090500000, 0.6333890000, 2.6942940000, 7.5132500000, 9.7672250000, 0.3989620000
c, 1.8, -0.07235800, 0.17948800, -0.49964500, 0.41475700, 0.49908100, 0.31928000, 0.00569400, -0.00142400
c, 1.8, 0.01604300, -0.04233200, 0.13285900, -0.12900500, -0.20441600, -0.19919500, 0.75068500, 0.38818600
c, 1.8, -0.08588900, 0.23867800, -0.86748400, 3.59929400, -1.87920200, -1.29502600, 0.24426400, 0.24344400
c, 1.8, -0.64025900, 0.89278800, 0.24355200, -8.46625100, 12.43545100, -5.24496200, 0.39030000, 0.24203100
c, 1.8, 2.80893500, -4.39143000, 2.90366600, -3.10352900, 1.66293800, 1.01639900, -2.31206100, 1.90893200
c, 9.9, 1.00000000
p, Rb, 0.1222570000, 0.2926120000, 0.6498130000, 1.2461990000, 3.1318680000, 4.8795980000, 6.3434770000, 0.2488100000
c, 1.7, 0.01266800, 0.01058700, -0.14638300, 0.08886500, 0.44367000, 0.48334600, 0.13756300
c, 1.7, 0.02880300, -0.14577700, 0.40347600, -0.50389200, -0.93916700, 0.70979300, 0.56364300
c, 1.7, 0.03247600, 0.03907500, -0.48670900, 1.55677600, -0.31692800, -1.80246600, 1.53844100
c, 1.7, -0.39037300, 0.79458000, 0.01915400, -3.70453600, 5.63647500, -3.97668100, 1.52590500
c, 1.7, 4.21567900, -10.62270500, 10.53014700, -7.90499000, 6.18737400, -2.75704400, 0.78212600
c, 8.8, 1.00000000
d, Rb, 0.0053440000, 0.0162870000, 0.0520880000, 0.1923120000, 0.6363220000, 3.6344790000, 0.3765070000
c, 1.6, -0.00283500, 0.09534900, 0.12183100, 0.29496000, 0.63514100, 0.19006000
c, 1.6, -0.01826400, 0.87035800, 0.20274200, -0.10352600, -0.15698700, -0.05426500
c, 1.6, -0.07694200, -0.84040100, 1.31437200, -0.34332200, -0.03132300, -0.09335200
c, 1.6, 0.75983500, -0.23462400, -0.16498200, 0.92504700, -0.68862200, 0.04636600
c, 7.7, 1.00000000
f, Rb, 0.4971780000, 1.1251300000
c, 1.1, 1.00000000
c, 2.2, 1.00000000
g, Rb, 0.9297530000
c, 1.1, 1.00000000
