s, Zn, 22.3077210000, 17.1597850000, 13.1998350000, 2.6773760000, 1.1848130000, 0.4678520000, 0.1483370000, 0.0510680000, 0.0250000000
c, 1.8, -0.03547600, 0.36838100, -0.61361300, 0.61315900, 0.52010600, 0.06482000, -0.00300700, 0.00237200
c, 1.8, -0.00504800, -0.05238600, 0.12879600, -0.19510600, -0.27756200, -0.00617500, 0.71431800, 0.42500300
c, 1.8, 0.21544300, -0.42447000, 0.06204700, 0.88330700, -0.19846000, -0.48800300, -0.98038100, 1.12614000
c, 1.8, 0.78703000, -1.86824600, 0.89040000, 2.17077900, -2.19425700, -0.37022600, 1.61022300, -0.78010500
c, 1.8, 3.21422100, -8.89676100, 6.27434300, 1.00790800, -3.78636700, 4.14389200, -2.43465000, 0.54052100
c, 9.9, 1.00000000
p, Zn, 21.4425210000, 16.4936750000, 5.8849050000, 2.9113050000, 1.4495590000, 0.6999050000, 0.2761130000, 0.1400000000
c, 1.7, 0.01514700, -0.05982100, 0.24879700, 0.40592600, 0.34442600, 0.13262700, 0.01144000
c, 1.7, -0.00891300, 0.05673200, -0.37836400, -0.32373700, 0.12026500, 0.39062800, 0.31721700
c, 1.7, 0.00283700, -0.07661500, 0.68470100, 0.34158700, -0.83288600, -0.41576200, 0.24366200
c, 1.7, 0.12293600, -0.07515000, -1.44023800, 1.25000200, 0.85595400, -1.11335900, -0.78107000
c, 1.7, -0.78349500, 1.16535900, 1.42309200, -3.72549900, 3.04988300, -0.26949300, -1.79306000
c, 8.8, 1.00000000
d, Zn, 16.4234950000, 8.0761030000, 3.5615450000, 1.5225080000, 0.6183500000, 0.2267360000, 0.1140000000
c, 1.6, 0.06964800, 0.25445000, 0.33189500, 0.33679200, 0.24970200, 0.09243100
c, 1.6, -0.09663400, -0.39429500, -0.36814600, 0.22592500, 0.51869500, 0.25116100
c, 1.6, -0.09193400, -0.58269300, 0.11568800, 0.87356300, -0.28710900, -0.55212400
c, 1.6, -0.19953800, -0.75542600, 1.16148600, -0.08994700, -0.90798000, 0.60773500
c, 7.7, 1.00000000
f, Zn, 9.1187260000, 3.4493490000, 1.1003640000
c, 3.3, 1.00000000
c, 2.2, 1.00000000
c, 1.1, 1.00000000
g, Zn, 7.1979130000, 2.4589360000
c, 2.2, 1.00000000
c, 1.1, 1.00000000
h, Zn, 5.7100680000
c, 1.1, 1.00000000
