! cc-pvtz-ecp-bfd
! s functions
H  11   3
       25.3175970000        0.2061930000        0.0000000000        0.0000000000
       11.4886060000        0.5598870000        0.0000000000        0.0000000000
        5.2132940000        0.4078520000        0.0000000000        0.0000000000
        2.3656860000       -0.0410980000        0.0000000000        0.0000000000
        1.0735000000       -0.2386520000        0.0000000000        0.0000000000
        0.4871320000        0.0381320000        0.0000000000        0.0000000000
        0.3710090000        0.0000000000        0.0000000000        1.0000000000
        0.2210510000       -0.0039350000        0.0000000000        0.0000000000
        0.1003080000        0.0004700000        0.0000000000        0.0000000000
        0.0643030000        0.0000000000        1.0000000000        0.0000000000
        0.0455180000       -0.0000140000        0.0000000000        0.0000000000
! p functions
H  11   3
        5.3153300000        0.0099320000        0.0000000000        0.0000000000
        2.5485780000        0.1602120000        0.0000000000        0.0000000000
        1.2219850000        0.3891710000        0.0000000000        0.0000000000
        0.5859130000        0.3732350000        0.0000000000        0.0000000000
        0.2809320000        0.1958000000        0.0000000000        0.0000000000
        0.1347000000        0.0229470000        0.0000000000        0.0000000000
        0.0908010000        0.0000000000        0.0000000000        1.0000000000
        0.0645860000       -0.0532930000        0.0000000000        0.0000000000
        0.0356070000        0.0000000000        1.0000000000        0.0000000000
        0.0309670000        0.0048460000        0.0000000000        0.0000000000
        0.0148480000       -0.0007260000        0.0000000000        0.0000000000
! d functions
H   2   2
        0.3590820000        0.0000000000        1.0000000000
        0.1155400000        1.0000000000        0.0000000000
! f functions
H   1   1
        0.2548380000        1.0000000000
