! cc-pvtz-ecp-bfd
! s functions
H  11   3
        0.1473470000        0.1554730000        0.0000000000        0.0000000000
        0.2287400000        0.0000000000        1.0000000000        0.0000000000
        0.3121640000        0.4946170000        0.0000000000        0.0000000000
        0.6613390000        0.5267050000        0.0000000000        0.0000000000
        1.1916300000        0.0000000000        0.0000000000        1.0000000000
        1.4010900000        0.0219860000        0.0000000000        0.0000000000
        2.9683010000       -0.3385330000        0.0000000000        0.0000000000
        6.2885390000        0.0560230000        0.0000000000        0.0000000000
       13.3226770000       -0.0001150000        0.0000000000        0.0000000000
       28.2249560000       -0.0005950000        0.0000000000        0.0000000000
       59.7964020000        0.0001270000        0.0000000000        0.0000000000
! p functions
H  11   3
        0.0905800000        0.0791010000        0.0000000000        0.0000000000
        0.1383380000        0.0000000000        1.0000000000        0.0000000000
        0.1880850000        0.2607180000        0.0000000000        0.0000000000
        0.3801890000        0.0000000000        0.0000000000        1.0000000000
        0.3905480000        0.3950650000        0.0000000000        0.0000000000
        0.8109530000        0.3349540000        0.0000000000        0.0000000000
        1.6839020000        0.1074620000        0.0000000000        0.0000000000
        3.4965350000       -0.0736570000        0.0000000000        0.0000000000
        7.2603710000       -0.0014070000        0.0000000000        0.0000000000
       15.0757810000        0.0017100000        0.0000000000        0.0000000000
       31.3040690000       -0.0002750000        0.0000000000        0.0000000000
! d functions
H   2   2
        0.4257790000        1.0000000000        0.0000000000
        1.3708590000        0.0000000000        1.0000000000
! f functions
H   1   1
        0.9299310000        1.0000000000
