! cc-pvtz-ecp-bfd
! s functions
H  11   3
       21.0494730000        0.2823860000        0.0000000000        0.0000000000
       10.5251070000        0.5934940000        0.0000000000        0.0000000000
        5.2627390000        0.4242160000        0.0000000000        0.0000000000
        2.6314620000        0.0384720000        0.0000000000        0.0000000000
        1.3157770000       -0.9992270000        0.0000000000        0.0000000000
        0.6579120000        0.5984720000        0.0000000000        0.0000000000
        0.3289680000       -0.1603940000        0.0000000000        0.0000000000
        0.3026850000        0.0000000000        0.0000000000        1.0000000000
        0.1644900000        0.0304650000        0.0000000000        0.0000000000
        0.1068210000        0.0000000000        1.0000000000        0.0000000000
        0.0822480000       -0.0041680000        0.0000000000        0.0000000000
! p functions
H  11   3
        9.3163010000        0.1436640000        0.0000000000        0.0000000000
        4.7806710000        0.3471530000        0.0000000000        0.0000000000
        2.4532070000        0.4601300000        0.0000000000        0.0000000000
        1.2588660000        0.2109220000        0.0000000000        0.0000000000
        0.6459880000        0.0051750000        0.0000000000        0.0000000000
        0.4181670000        0.0000000000        1.0000000000        0.0000000000
        0.3314900000       -0.2932610000        0.0000000000        0.0000000000
        0.1701040000        0.1310470000        0.0000000000        0.0000000000
        0.0872890000       -0.0253940000        0.0000000000        0.0000000000
        0.0807490000        0.0000000000        0.0000000000        1.0000000000
        0.0447930000        0.0028930000        0.0000000000        0.0000000000
! d functions
H   2   2
        0.7744120000        0.0000000000        1.0000000000
        0.2026070000        1.0000000000        0.0000000000
! f functions
H   1   1
        0.2564490000        1.0000000000
