! cc-pvtz-ecp-bfd
! s functions
H  11   3
        0.1146260000        0.1998320000        0.0000000000        0.0000000000
        0.1544010000        0.0000000000        1.0000000000        0.0000000000
        0.2530240000        0.6058060000        0.0000000000        0.0000000000
        0.5585200000        0.4864140000        0.0000000000        0.0000000000
        0.6606180000        0.0000000000        0.0000000000        1.0000000000
        1.2328660000       -0.2089640000        0.0000000000        0.0000000000
        2.7214030000       -0.3284480000        0.0000000000        0.0000000000
        6.0071710000        0.1184710000        0.0000000000        0.0000000000
       13.2601090000       -0.0131120000        0.0000000000        0.0000000000
       29.2701000000        0.0012060000        0.0000000000        0.0000000000
       64.6102340000       -0.0001210000        0.0000000000        0.0000000000
! p functions
H  11   3
        0.0679900000        0.1079920000        0.0000000000        0.0000000000
        0.0786550000        0.0000000000        1.0000000000        0.0000000000
        0.1455070000        0.3318600000        0.0000000000        0.0000000000
        0.1640430000        0.0000000000        0.0000000000        1.0000000000
        0.3114030000        0.4428710000        0.0000000000        0.0000000000
        0.6664410000        0.2832560000        0.0000000000        0.0000000000
        1.4262670000       -0.0260450000        0.0000000000        0.0000000000
        3.0523890000       -0.1113230000        0.0000000000        0.0000000000
        6.5324940000        0.0217120000        0.0000000000        0.0000000000
       13.9803530000       -0.0011880000        0.0000000000        0.0000000000
       29.9197030000        0.0000220000        0.0000000000        0.0000000000
! d functions
H   2   2
        0.2349800000        1.0000000000        0.0000000000
        0.5680170000        0.0000000000        1.0000000000
! f functions
H   1   1
        0.5557110000        1.0000000000
