! cc-pvtz-ecp-bfd
! s functions
H  11   3
       13.0735940000        0.0139910000        0.0000000000        0.0000000000
        6.5411870000        0.1698520000        0.0000000000        0.0000000000
        3.2727910000        0.3975290000        0.0000000000        0.0000000000
        1.6374940000        0.3803690000        0.0000000000        0.0000000000
        0.9215520000        0.0000000000        1.0000000000        0.0000000000
        0.8192970000        0.1801130000        0.0000000000        0.0000000000
        0.4099240000       -0.0335120000        0.0000000000        0.0000000000
        0.2051000000       -0.1214990000        0.0000000000        0.0000000000
        0.1328000000        0.0000000000        0.0000000000        1.0000000000
        0.1026190000        0.0151760000        0.0000000000        0.0000000000
        0.0513440000       -0.0007050000        0.0000000000        0.0000000000
! p functions
H  11   3
        7.4800760000        0.0017870000        0.0000000000        0.0000000000
        3.7410350000        0.0504260000        0.0000000000        0.0000000000
        1.8710160000        0.1916340000        0.0000000000        0.0000000000
        0.9357570000        0.3026670000        0.0000000000        0.0000000000
        0.4680030000        0.2898680000        0.0000000000        0.0000000000
        0.3767420000        0.0000000000        0.0000000000        1.0000000000
        0.2340640000        0.2109790000        0.0000000000        0.0000000000
        0.1267720000        0.0000000000        1.0000000000        0.0000000000
        0.1170630000        0.1120240000        0.0000000000        0.0000000000
        0.0585470000        0.0544250000        0.0000000000        0.0000000000
        0.0292810000        0.0219310000        0.0000000000        0.0000000000
! d functions
H   2   2
        1.1416110000        0.0000000000        1.0000000000
        0.3294860000        1.0000000000        0.0000000000
! f functions
H   1   1
        0.7734850000        1.0000000000
