! cc-pvtz-ecp-bfd
! s functions
H  11   3
       37.8643670000        0.2531710000        0.0000000000        0.0000000000
       16.7158790000        0.5982950000        0.0000000000        0.0000000000
        7.3795140000        0.3569090000        0.0000000000        0.0000000000
        3.2578140000       -0.0565440000        0.0000000000        0.0000000000
        1.4382180000       -0.4112660000        0.0000000000        0.0000000000
        0.6349260000        0.1560790000        0.0000000000        0.0000000000
        0.3419940000        0.0000000000        0.0000000000        1.0000000000
        0.2802990000       -0.0251420000        0.0000000000        0.0000000000
        0.1237430000        0.0040890000        0.0000000000        0.0000000000
        0.0697030000        0.0000000000        1.0000000000        0.0000000000
        0.0546280000       -0.0006220000        0.0000000000        0.0000000000
! p functions
H  11   3
       16.3586320000        0.7594000000        0.0000000000        0.0000000000
        7.4167640000       -0.0220590000        0.0000000000        0.0000000000
        3.3626520000        0.3682520000        0.0000000000        0.0000000000
        1.5245770000        0.0511420000        0.0000000000        0.0000000000
        0.6912210000        0.0366550000        0.0000000000        0.0000000000
        0.3133890000       -0.0785890000        0.0000000000        0.0000000000
        0.1420860000        0.0177810000        0.0000000000        0.0000000000
        0.0644200000       -0.0024980000        0.0000000000        0.0000000000
        0.0640290000        0.0000000000        0.0000000000        1.0000000000
        0.0292070000        0.0003860000        0.0000000000        0.0000000000
        0.0273090000        0.0000000000        1.0000000000        0.0000000000
! d functions
H   2   2
        0.2663790000        0.0000000000        1.0000000000
        0.1050920000        1.0000000000        0.0000000000
! f functions
H   1   1
        0.2975540000        1.0000000000
