! cc-pvtz-ecp-bfd
! s functions
H  11   3
        0.0662870000        0.2132300000        0.0000000000        0.0000000000
        0.0910490000        0.0000000000        1.0000000000        0.0000000000
        0.1501280000        0.6055700000        0.0000000000        0.0000000000
        0.3400130000        0.4134420000        0.0000000000        0.0000000000
        0.4456760000        0.0000000000        0.0000000000        1.0000000000
        0.7700640000       -0.1063560000        0.0000000000        0.0000000000
        1.7440490000       -0.3645790000        0.0000000000        0.0000000000
        3.9499400000        0.1274480000        0.0000000000        0.0000000000
        8.9458640000       -0.0171660000        0.0000000000        0.0000000000
       20.2606870000        0.0024540000        0.0000000000        0.0000000000
       45.8866140000       -0.0003550000        0.0000000000        0.0000000000
! p functions
H  11   3
        0.0365110000        0.0986800000        0.0000000000        0.0000000000
        0.0404120000        0.0000000000        1.0000000000        0.0000000000
        0.0805240000        0.3722900000        0.0000000000        0.0000000000
        0.0924500000        0.0000000000        0.0000000000        1.0000000000
        0.1775930000        0.4438360000        0.0000000000        0.0000000000
        0.3916770000        0.2325850000        0.0000000000        0.0000000000
        0.8638320000        0.0000580000        0.0000000000        0.0000000000
        1.9051570000       -0.1082820000        0.0000000000        0.0000000000
        4.2017720000        0.0218940000        0.0000000000        0.0000000000
        9.2668920000       -0.0019110000        0.0000000000        0.0000000000
       20.4378730000        0.0001810000        0.0000000000        0.0000000000
! d functions
H   2   2
        0.1301470000        1.0000000000        0.0000000000
        0.3238260000        0.0000000000        1.0000000000
! f functions
H   1   1
        0.3528140000        1.0000000000
