! cc-pvtz-ecp-bfd
! s functions
H  11   3
        0.0988690000        0.0672660000        0.0000000000        0.0000000000
        0.1632430000        0.0000000000        0.0000000000        1.0000000000
        0.2114430000        0.3342900000        0.0000000000        0.0000000000
        0.4521970000        0.4542570000        0.0000000000        0.0000000000
        0.9670800000        0.2678610000        0.0000000000        0.0000000000
        1.2021830000        0.0000000000        1.0000000000        0.0000000000
        2.0682210000        0.0002480000        0.0000000000        0.0000000000
        4.4231500000       -0.1326060000        0.0000000000        0.0000000000
        9.4594620000        0.0144370000        0.0000000000        0.0000000000
       20.2302460000        0.0003590000        0.0000000000        0.0000000000
       43.2649190000       -0.0000940000        0.0000000000        0.0000000000
! p functions
H  11   3
        0.0732340000        0.0357580000        0.0000000000        0.0000000000
        0.1458670000        0.1539450000        0.0000000000        0.0000000000
        0.1701040000        0.0000000000        1.0000000000        0.0000000000
        0.2905350000        0.2776560000        0.0000000000        0.0000000000
        0.5175470000        0.0000000000        0.0000000000        1.0000000000
        0.5786830000        0.2976760000        0.0000000000        0.0000000000
        1.1526120000        0.2344030000        0.0000000000        0.0000000000
        2.2957560000        0.1403210000        0.0000000000        0.0000000000
        4.5726520000        0.0672190000        0.0000000000        0.0000000000
        9.1077390000        0.0315940000        0.0000000000        0.0000000000
       18.1406570000        0.0033010000        0.0000000000        0.0000000000
! d functions
H   2   2
        0.4835670000        1.0000000000        0.0000000000
        1.7124160000        0.0000000000        1.0000000000
! f functions
H   1   1
        1.0930970000        1.0000000000
