! cc-pvtz-ecp-bfd
! s functions
H  11   3
       18.0604460000        0.3242640000        0.0000000000        0.0000000000
        9.0840130000        0.5711550000        0.0000000000        0.0000000000
        4.5690610000        0.3740510000        0.0000000000        0.0000000000
        2.2981390000        0.1247490000        0.0000000000        0.0000000000
        1.1559140000       -1.1127210000        0.0000000000        0.0000000000
        0.5814000000        0.6812310000        0.0000000000        0.0000000000
        0.2924310000       -0.1917160000        0.0000000000        0.0000000000
        0.2162940000        0.0000000000        0.0000000000        1.0000000000
        0.1470870000        0.0378060000        0.0000000000        0.0000000000
        0.0937380000        0.0000000000        1.0000000000        0.0000000000
        0.0739810000       -0.0052250000        0.0000000000        0.0000000000
! p functions
H  11   3
        8.5757480000        0.1714020000        0.0000000000        0.0000000000
        4.3343330000        0.3554730000        0.0000000000        0.0000000000
        2.1906470000        0.4382650000        0.0000000000        0.0000000000
        1.1071910000        0.1823150000        0.0000000000        0.0000000000
        0.5595940000        0.0385260000        0.0000000000        0.0000000000
        0.3640490000        0.0000000000        1.0000000000        0.0000000000
        0.2828280000       -0.2952270000        0.0000000000        0.0000000000
        0.1429460000        0.1297080000        0.0000000000        0.0000000000
        0.0722480000       -0.0258770000        0.0000000000        0.0000000000
        0.0643860000        0.0000000000        0.0000000000        1.0000000000
        0.0365150000        0.0031060000        0.0000000000        0.0000000000
! d functions
H   2   2
        0.6072930000        0.0000000000        1.0000000000
        0.1723230000        1.0000000000        0.0000000000
! f functions
H   1   1
        0.2384040000        1.0000000000
