! cc-pvtz-ecp-bfd
! s functions
H  11   3
       39.9506560000        0.1400740000        0.0000000000        0.0000000000
       18.7766230000        0.4909420000        0.0000000000        0.0000000000
        8.8249260000        0.5152970000        0.0000000000        0.0000000000
        4.1476740000        0.0503200000        0.0000000000        0.0000000000
        1.9493880000       -0.2989080000        0.0000000000        0.0000000000
        0.9162030000        0.0198270000        0.0000000000        0.0000000000
        0.7920250000        0.0000000000        0.0000000000        1.0000000000
        0.4306110000        0.0072660000        0.0000000000        0.0000000000
        0.2023850000       -0.0016020000        0.0000000000        0.0000000000
        0.1466420000        0.0000000000        1.0000000000        0.0000000000
        0.0951200000        0.0002710000        0.0000000000        0.0000000000
! p functions
H  11   3
       16.4779790000        0.0819380000        0.0000000000        0.0000000000
        8.1163070000        0.2518260000        0.0000000000        0.0000000000
        3.9977260000        0.3763440000        0.0000000000        0.0000000000
        1.9690990000        0.3209020000        0.0000000000        0.0000000000
        0.9698890000        0.1437790000        0.0000000000        0.0000000000
        0.4777230000       -0.0455430000        0.0000000000        0.0000000000
        0.2479670000        0.0000000000        0.0000000000        1.0000000000
        0.2353050000       -0.0171910000        0.0000000000        0.0000000000
        0.1159010000        0.0025800000        0.0000000000        0.0000000000
        0.0886940000        0.0000000000        1.0000000000        0.0000000000
        0.0570870000       -0.0002220000        0.0000000000        0.0000000000
! d functions
H   2   2
        0.9506590000        0.0000000000        1.0000000000
        0.2928890000        1.0000000000        0.0000000000
! f functions
H   1   1
        0.5732180000        1.0000000000
