! cc-pvtz-ecp-bfd
! s functions
H  11   3
       62.9122580000        0.2009650000        0.0000000000        0.0000000000
       28.0010400000        0.6150930000        0.0000000000        0.0000000000
       12.4627260000        0.4626360000        0.0000000000        0.0000000000
        5.5469200000       -0.2041790000        0.0000000000        0.0000000000
        2.4688280000       -0.3075840000        0.0000000000        0.0000000000
        1.0988280000        0.1098950000        0.0000000000        0.0000000000
        0.5847550000        0.0000000000        0.0000000000        1.0000000000
        0.4890670000       -0.0122880000        0.0000000000        0.0000000000
        0.2176740000        0.0012050000        0.0000000000        0.0000000000
        0.1303870000        0.0000000000        1.0000000000        0.0000000000
        0.0968830000       -0.0001320000        0.0000000000        0.0000000000
! p functions
H  11   3
       28.3787080000        0.0735040000        0.0000000000        0.0000000000
       13.0326850000        0.3346920000        0.0000000000        0.0000000000
        5.9851520000        0.4733230000        0.0000000000        0.0000000000
        2.7486310000        0.2765710000        0.0000000000        0.0000000000
        1.2622860000       -0.0323560000        0.0000000000        0.0000000000
        0.5796940000       -0.1037090000        0.0000000000        0.0000000000
        0.2662200000        0.0201810000        0.0000000000        0.0000000000
        0.1412310000        0.0000000000        0.0000000000        1.0000000000
        0.1222590000       -0.0010950000        0.0000000000        0.0000000000
        0.0696830000        0.0000000000        1.0000000000        0.0000000000
        0.0561470000        0.0000190000        0.0000000000        0.0000000000
! d functions
H   2   2
        0.4710510000        0.0000000000        1.0000000000
        0.1952350000        1.0000000000        0.0000000000
! f functions
H   1   1
        0.4662460000        1.0000000000
