! cc-pvtz-ecp-bfd
! s functions
H  11   3
       15.4612380000        0.3420000000        0.0000000000        0.0000000000
        7.7582670000        0.5450810000        0.0000000000        0.0000000000
        3.8930070000        0.3495320000        0.0000000000        0.0000000000
        1.9534650000        0.1919620000        0.0000000000        0.0000000000
        0.9802260000       -1.1333490000        0.0000000000        0.0000000000
        0.4918660000        0.6673220000        0.0000000000        0.0000000000
        0.2468130000       -0.1834020000        0.0000000000        0.0000000000
        0.2243210000        0.0000000000        0.0000000000        1.0000000000
        0.1238480000        0.0360890000        0.0000000000        0.0000000000
        0.0686750000        0.0000000000        1.0000000000        0.0000000000
        0.0621450000       -0.0050480000        0.0000000000        0.0000000000
! p functions
H  11   3
        7.9270750000        0.8495140000        0.0000000000        0.0000000000
        3.8926390000       -0.1939300000        0.0000000000        0.0000000000
        1.9115050000        0.4800000000        0.0000000000        0.0000000000
        0.9386560000       -0.0145630000        0.0000000000        0.0000000000
        0.4609330000        0.0996450000        0.0000000000        0.0000000000
        0.2263440000       -0.2022940000        0.0000000000        0.0000000000
        0.1414240000        0.0000000000        0.0000000000        1.0000000000
        0.1111480000        0.0805770000        0.0000000000        0.0000000000
        0.0545800000       -0.0166310000        0.0000000000        0.0000000000
        0.0280460000        0.0000000000        1.0000000000        0.0000000000
        0.0268020000        0.0023210000        0.0000000000        0.0000000000
! d functions
H   2   2
        0.5947490000        0.0000000000        1.0000000000
        0.1490510000        1.0000000000        0.0000000000
! f functions
H   1   1
        0.2316180000        1.0000000000
