! cc-pvtz-ecp-bfd
! s functions
H  11   3
       36.4301590000        0.1914640000        0.0000000000        0.0000000000
       17.4861120000        0.6227700000        0.0000000000        0.0000000000
        8.3931590000        0.5343090000        0.0000000000        0.0000000000
        4.0286320000       -0.1980010000        0.0000000000        0.0000000000
        1.9337030000       -0.5664090000        0.0000000000        0.0000000000
        0.9281580000        0.2864980000        0.0000000000        0.0000000000
        0.5253540000        0.0000000000        0.0000000000        1.0000000000
        0.4455070000       -0.0563630000        0.0000000000        0.0000000000
        0.2138390000        0.0086490000        0.0000000000        0.0000000000
        0.1412710000        0.0000000000        1.0000000000        0.0000000000
        0.1026400000       -0.0011330000        0.0000000000        0.0000000000
! p functions
H  11   3
       16.0826750000        0.0989710000        0.0000000000        0.0000000000
        8.0702040000        0.3115020000        0.0000000000        0.0000000000
        4.0495870000        0.4608820000        0.0000000000        0.0000000000
        2.0320620000        0.3090780000        0.0000000000        0.0000000000
        1.0196780000       -0.0402600000        0.0000000000        0.0000000000
        0.6554180000        0.0000000000        0.0000000000        1.0000000000
        0.5116690000       -0.2028510000        0.0000000000        0.0000000000
        0.2567530000        0.0670000000        0.0000000000        0.0000000000
        0.1292110000        0.0000000000        1.0000000000        0.0000000000
        0.1288370000       -0.0084680000        0.0000000000        0.0000000000
        0.0646500000        0.0007100000        0.0000000000        0.0000000000
! d functions
H   2   2
        0.3973750000        0.0000000000        1.0000000000
        0.2262140000        1.0000000000        0.0000000000
! f functions
H   1   1
        0.4968360000        1.0000000000
