****
Be     0
S   9   1.00
        0.0300680000     0.02510500
        0.0540020000     0.17889000
        0.0969860000     0.26393900
        0.1741860000     0.43594600
        0.3128360000    -0.00818800
        0.5618500000     0.04950900
        1.0090770000    -0.11457600
        1.8122900000    -0.06720700
        3.2548520000     0.01725000
S   1   1.00
        0.0127780000     1.00000000
S   1   1.00
        0.1088070000     1.00000000
S   1   1.00
        0.2161570000     1.00000000
S   1   1.00
        1.2072790000     1.00000000
P   9   1.00
        0.0150640000     0.73505200
        0.0285840000    -0.47621400
        0.0542360000     0.56480600
        0.1029110000    -0.10857500
        0.1952690000     0.23386200
        0.3705130000    -0.00900300
        0.7030300000     0.06751000
        1.3339670000    -0.00286800
        2.5311390000     0.01786900
P   1   1.00
        0.0725610000     1.00000000
P   1   1.00
        0.5017150000     1.00000000
P   1   1.00
        0.1844710000     1.00000000
P   1   1.00
        2.1286720000     1.00000000
D   1   1.00
        0.0901750000     1.00000000
D   1   1.00
        0.7436530000     1.00000000
D   1   1.00
        0.2384940000     1.00000000
D   1   1.00
        0.9330010000     1.00000000
F   1   1.00
        0.1291400000     1.00000000
F   1   1.00
        0.2991500000     1.00000000
F   1   1.00
        0.7390230000     1.00000000
G   1   1.00
        0.3160800000     1.00000000
G   1   1.00
        0.8634420000     1.00000000
H   1   1.00
        0.4090800000     1.00000000
****
