****
H      0
S   9   1.00
       10.1803850000     0.00070600
        4.4262540000    -0.00211900
        1.9244580000     0.05769300
        0.8367210000     0.23069500
        0.3637920000     0.27761200
        0.1581700000     0.16983300
        0.0687700000     0.09744300
        0.0299000000     0.02996600
        0.0130000000    -0.00045200
S   1   1.00
        0.1223440000     1.00000000
S   1   1.00
        0.4028920000     1.00000000
S   1   1.00
        0.7150470000     1.00000000
S   1   1.00
        1.3798380000     1.00000000
P   9   1.00
        6.2649910000     0.00124200
        2.4096120000    -0.00091300
        0.9267740000    -0.00005400
        0.3564510000    -0.00023800
        0.1370970000    -0.01153000
        0.0527300000    -0.01823500
        0.0202810000    -0.01392900
        0.0078000000    -0.00939500
        0.0030000000    -0.00034700
P   1   1.00
        0.7847650000     1.00000000
P   1   1.00
        0.1736060000     1.00000000
P   1   1.00
        0.5136650000     1.00000000
D   1   1.00
        2.9173880000     1.00000000
D   1   1.00
        0.4663790000     1.00000000
D   1   1.00
        1.1321710000     1.00000000
F   1   1.00
        1.6496080000     1.00000000
F   1   1.00
        0.7931850000     1.00000000
G   1   1.00
        1.6068130000     1.00000000
****
