****
He     0
S   9   1.00
       26.8956620000     0.01242500
       12.9519260000     0.12825100
        6.2371540000     0.28222100
        3.0035760000     0.29242700
        1.4464080000     0.21502500
        0.6965350000     0.12545000
        0.3354250000     0.06491200
        0.1615280000     0.03889200
        0.0777860000     0.00253100
S   1   1.00
        1.3243120000     1.00000000
S   1   1.00
        0.8769760000     1.00000000
S   1   1.00
        0.2940750000     1.00000000
S   1   1.00
        0.1165060000     1.00000000
P   8   1.00
       16.7371800000    -0.00011600
        9.0633860000     2.11695000
        4.9079340000    -2.18295400
        2.6577060000     1.54585000
        1.4391800000    -0.87947700
        0.7793330000     0.46971000
        0.4220190000    -0.22463100
        0.2285280000     0.09842200
P   1   1.00
        6.7410090000     1.00000000
P   1   1.00
        2.6473400000     1.00000000
P   1   1.00
        0.8938500000     1.00000000
D   1   1.00
        1.8422780000     1.00000000
D   1   1.00
        2.1752080000     1.00000000
D   1   1.00
        4.2855150000     1.00000000
F   1   1.00
        0.7497340000     1.00000000
F   1   1.00
        1.6320740000     1.00000000
G   1   1.00
        0.6236690000     1.00000000
****
