****
Mg     0
S   9   1.00
        0.0309750000     0.16529000
        0.0629590000     0.50627200
        0.1279700000     0.33319700
        0.2601110000     0.05748200
        0.5287000000    -0.13761400
        1.0746300000    -0.13537800
        2.1842850000     0.04831000
        4.4397590000    -0.00531200
        9.0242170000     0.00046500
S   1   1.00
        0.0235030000     1.00000000
S   1   1.00
        0.0612010000     1.00000000
S   1   1.00
        0.7648850000     1.00000000
S   1   1.00
        1.0542910000     1.00000000
P   9   1.00
        0.0470550000     1.50203800
        0.0832530000    -1.43394400
        0.1472980000     1.31898700
        0.2606110000    -0.74112400
        0.4610940000     0.43630000
        0.8158030000    -0.24379800
        1.4433830000     0.08677400
        2.5537450000    -0.02867700
        4.5182860000     0.00608500
P   1   1.00
        0.0823860000     1.00000000
P   1   1.00
        0.1779310000     1.00000000
P   1   1.00
        0.3854510000     1.00000000
P   1   1.00
        0.8332390000     1.00000000
D   1   1.00
        0.1020580000     1.00000000
D   1   1.00
        0.8155280000     1.00000000
D   1   1.00
        0.2228550000     1.00000000
D   1   1.00
        0.9737750000     1.00000000
F   1   1.00
        0.1416910000     1.00000000
F   1   1.00
        0.4254410000     1.00000000
F   1   1.00
        0.8476360000     1.00000000
G   1   1.00
        0.1711100000     1.00000000
G   1   1.00
        0.4384590000     1.00000000
H   1   1.00
        0.3609370000     1.00000000
****
