****
Ne     0
S   9   1.00
       35.1715340000     0.05751400
       18.4972560000     0.21577600
        9.7279940000     0.37479900
        5.1161030000     0.32631300
        2.6906380000     0.16638300
        1.4150480000    -0.03914900
        0.7441960000    -0.08590900
        0.3913840000     0.00681600
        0.2058350000     0.00020600
S   1   1.00
        0.3186780000     1.00000000
S   1   1.00
        0.8301780000     1.00000000
S   1   1.00
        1.5919040000     1.00000000
S   1   1.00
        2.7449990000     1.00000000
P   9   1.00
       26.1463320000     0.02994300
       13.3637320000     0.11420000
        6.8303780000     0.21961800
        3.4910950000     0.26886400
        1.7843440000     0.25693200
        0.9120020000     0.19137800
        0.4661360000     0.11217600
        0.2382480000     0.06331700
        0.1217720000     0.00805700
P   1   1.00
        0.2182260000     1.00000000
P   1   1.00
        0.6369210000     1.00000000
P   1   1.00
        1.8881910000     1.00000000
P   1   1.00
        3.0201080000     1.00000000
D   1   1.00
        0.6549240000     1.00000000
D   1   1.00
        1.9315020000     1.00000000
D   1   1.00
        5.0275660000     1.00000000
D   1   1.00
        6.9897000000     1.00000000
F   1   1.00
        1.3142970000     1.00000000
F   1   1.00
        4.0659280000     1.00000000
F   1   1.00
        5.5874870000     1.00000000
G   1   1.00
        2.0709250000     1.00000000
G   1   1.00
        6.0731070000     1.00000000
H   1   1.00
        3.7431180000     1.00000000
****
