****
S      0
S   9   1.00
        0.0951200000     0.14007400
        0.2023850000     0.49094200
        0.4306110000     0.51529700
        0.9162030000     0.05032000
        1.9493880000    -0.29890800
        4.1476740000     0.01982700
        8.8249260000     0.00726600
       18.7766230000    -0.00160200
       39.9506560000     0.00027100
S   1   1.00
        0.1139180000     1.00000000
S   1   1.00
        0.2827900000     1.00000000
S   1   1.00
        0.6267020000     1.00000000
S   1   1.00
        1.3382260000     1.00000000
P   9   1.00
        0.0570870000     0.08193800
        0.1159010000     0.25182600
        0.2353050000     0.37634400
        0.4777230000     0.32090200
        0.9698890000     0.14377900
        1.9690990000    -0.04554300
        3.9977260000    -0.01719100
        8.1163070000     0.00258000
       16.4779790000    -0.00022200
P   1   1.00
        0.0791010000     1.00000000
P   1   1.00
        0.2106320000     1.00000000
P   1   1.00
        0.5225370000     1.00000000
P   1   1.00
        0.9244540000     1.00000000
D   1   1.00
        0.1865460000     1.00000000
D   1   1.00
        0.4623280000     1.00000000
D   1   1.00
        0.9555790000     1.00000000
D   1   1.00
        2.3343080000     1.00000000
F   1   1.00
        0.2743430000     1.00000000
F   1   1.00
        0.6615680000     1.00000000
F   1   1.00
        1.3895330000     1.00000000
G   1   1.00
        0.4866980000     1.00000000
G   1   1.00
        1.1664950000     1.00000000
H   1   1.00
        0.8394940000     1.00000000
****
