s, Be, 3.2548520000, 1.8122900000, 1.0090770000, 0.5618500000, 0.3128360000, 0.1741860000, 0.0969860000, 0.0540020000, 0.0300680000, 1.2072790000, 0.2161570000, 0.1088070000, 0.0127780000
c, 1.9, 0.02510500, 0.17889000, 0.26393900, 0.43594600, -0.00818800, 0.04950900, -0.11457600, -0.06720700, 0.01725000
c, 13.13, 1.00000000
c, 12.12, 1.00000000
c, 11.11, 1.00000000
c, 10.10, 1.00000000
p, Be, 2.5311390000, 1.3339670000, 0.7030300000, 0.3705130000, 0.1952690000, 0.1029110000, 0.0542360000, 0.0285840000, 0.0150640000, 2.1286720000, 0.5017150000, 0.1844710000, 0.0725610000
c, 1.9, 0.73505200, -0.47621400, 0.56480600, -0.10857500, 0.23386200, -0.00900300, 0.06751000, -0.00286800, 0.01786900
c, 13.13, 1.00000000
c, 11.11, 1.00000000
c, 12.12, 1.00000000
c, 10.10, 1.00000000
d, Be, 0.9330010000, 0.7436530000, 0.2384940000, 0.0901750000
c, 4.4, 1.00000000
c, 2.2, 1.00000000
c, 3.3, 1.00000000
c, 1.1, 1.00000000
f, Be, 0.7390230000, 0.2991500000, 0.1291400000
c, 3.3, 1.00000000
c, 2.2, 1.00000000
c, 1.1, 1.00000000
g, Be, 0.8634420000, 0.3160800000
c, 2.2, 1.00000000
c, 1.1, 1.00000000
h, Be, 0.4090800000
c, 1.1, 1.00000000
