s, Cl, 53.8662260000, 25.1058120000, 11.7012430000, 5.4536810000, 2.5418360000, 1.1846910000, 0.5521570000, 0.2573480000, 0.1199440000, 1.6713800000, 0.8014380000, 0.6391100000, 0.1520490000
c, 1.9, 0.14891700, 0.50361600, 0.52399500, 0.01361200, -0.32884600, 0.05630900, -0.00130100, -0.00029400, 0.00007600
c, 13.13, 1.00000000
c, 12.12, 1.00000000
c, 11.11, 1.00000000
c, 10.10, 1.00000000
p, Cl, 26.5811650000, 12.7476510000, 6.1134500000, 2.9318550000, 1.4060430000, 0.6743030000, 0.3233780000, 0.1550840000, 0.0743740000, 1.1716140000, 0.6674360000, 0.2755820000, 0.1039260000
c, 1.9, 0.08492500, 0.27065800, 0.39602200, 0.32432500, 0.10066100, -0.06980200, -0.00095100, 0.00150100, -0.00024900
c, 13.13, 1.00000000
c, 12.12, 1.00000000
c, 11.11, 1.00000000
c, 10.10, 1.00000000
d, Cl, 1.5221820000, 0.9240490000, 0.7295170000, 0.2374190000
c, 4.4, 1.00000000
c, 3.3, 1.00000000
c, 2.2, 1.00000000
c, 1.1, 1.00000000
f, Cl, 1.6099750000, 0.7891160000, 0.3351230000
c, 3.3, 1.00000000
c, 2.2, 1.00000000
c, 1.1, 1.00000000
g, Cl, 1.4029710000, 0.5761330000
c, 2.2, 1.00000000
c, 1.1, 1.00000000
h, Cl, 1.0996090000
c, 1.1, 1.00000000
