s, F, 68.5024330000, 32.4273480000, 15.3503000000, 7.2664510000, 3.4397570000, 1.6282950000, 0.7707950000, 0.3648750000, 0.1727230000, 2.5424280000, 1.2502650000, 0.4596970000, 0.1911460000
c, 1.9, 0.07024000, 0.31108800, 0.44467500, 0.28701100, 0.01875900, -0.12860800, 0.00910400, 0.00081000, -0.00013300
c, 13.13, 1.00000000
c, 12.12, 1.00000000
c, 11.11, 1.00000000
c, 10.10, 1.00000000
p, F, 28.4307990000, 14.0477370000, 6.9410260000, 3.4295800000, 1.6945650000, 0.8372890000, 0.4137070000, 0.2044140000, 0.1010010000, 2.0186980000, 1.5050850000, 0.4890190000, 0.1705740000
c, 1.9, 0.03532100, 0.13692400, 0.24935300, 0.28662000, 0.25454100, 0.16957200, 0.08854200, 0.03984300, 0.00337800
c, 13.13, 1.00000000
c, 12.12, 1.00000000
c, 11.11, 1.00000000
c, 10.10, 1.00000000
d, F, 5.6035810000, 3.9018970000, 1.5233060000, 0.5177110000
c, 4.4, 1.00000000
c, 3.3, 1.00000000
c, 2.2, 1.00000000
c, 1.1, 1.00000000
f, F, 4.2978890000, 2.9503210000, 0.9814940000
c, 3.3, 1.00000000
c, 2.2, 1.00000000
c, 1.1, 1.00000000
g, F, 4.6199530000, 1.6389330000
c, 2.2, 1.00000000
c, 1.1, 1.00000000
h, F, 2.9631270000
c, 1.1, 1.00000000
