s, He, 0.0777860000, 0.1615280000, 0.3354250000, 0.6965350000, 1.4464080000, 3.0035760000, 6.2371540000, 12.9519260000, 26.8956620000, 0.1165060000, 0.2940750000, 0.8769760000, 1.3243120000
c, 1.9, 0.01242500, 0.12825100, 0.28222100, 0.29242700, 0.21502500, 0.12545000, 0.06491200, 0.03889200, 0.00253100
c, 13.13, 1.00000000
c, 12.12, 1.00000000
c, 11.11, 1.00000000
c, 10.10, 1.00000000
p, He, 0.2285280000, 0.4220190000, 0.7793330000, 1.4391800000, 2.6577060000, 4.9079340000, 9.0633860000, 16.7371800000, 0.8938500000, 2.6473400000, 6.7410090000
c, 1.8, -0.00011600, 2.11695000, -2.18295400, 1.54585000, -0.87947700, 0.46971000, -0.22463100, 0.09842200
c, 11.11, 1.00000000
c, 10.10, 1.00000000
c, 9.9, 1.00000000
d, He, 1.8422780000, 2.1752080000, 4.2855150000
c, 1.1, 1.00000000
c, 2.2, 1.00000000
c, 3.3, 1.00000000
f, He, 0.7497340000, 1.6320740000
c, 1.1, 1.00000000
c, 2.2, 1.00000000
g, He, 0.6236690000
c, 1.1, 1.00000000
