s, Li, 0.0101250000, 0.0234370000, 0.0542510000, 0.1255810000, 0.2906970000, 0.6729090000, 1.5576590000, 3.6056890000, 8.3464940000, 0.0250100000, 0.1049170000, 0.6706810000, 1.0048810000
c, 1.9, 0.00784100, 0.25811800, 0.42330700, 0.16782500, -0.06833200, -0.11926900, 0.00773600, 0.00363000, -0.00064600
c, 10.10, 1.00000000
c, 11.11, 1.00000000
c, 12.12, 1.00000000
c, 13.13, 1.00000000
p, Li, 0.0183000000, 0.0316990000, 0.0549080000, 0.0951110000, 0.1647510000, 0.2853790000, 0.4943300000, 0.8562730000, 1.4832250000, 0.0810410000, 0.1384700000, 0.4043550000, 0.8061840000
c, 1.9, -0.00590600, -0.03142200, -0.04362800, -0.01678100, -0.07859400, 0.01556200, -0.03083000, 0.00618500, -0.00862100
c, 10.10, 1.00000000
c, 11.11, 1.00000000
c, 12.12, 1.00000000
c, 13.13, 1.00000000
d, Li, 0.0655740000, 0.1617840000, 0.8357580000, 0.9863500000
c, 1.1, 1.00000000
c, 3.3, 1.00000000
c, 2.2, 1.00000000
c, 4.4, 1.00000000
f, Li, 0.1529880000, 0.4206980000, 0.8567480000
c, 1.1, 1.00000000
c, 2.2, 1.00000000
c, 3.3, 1.00000000
g, Li, 0.2544790000, 0.4574960000
c, 1.1, 1.00000000
c, 2.2, 1.00000000
