s, N, 43.2649190000, 20.2302460000, 9.4594620000, 4.4231500000, 2.0682210000, 0.9670800000, 0.4521970000, 0.2114430000, 0.0988690000, 1.5322210000, 0.7020110000, 0.2866320000, 0.1153200000
c, 1.9, 0.06726600, 0.33429000, 0.45425700, 0.26786100, 0.00024800, -0.13260600, 0.01443700, 0.00035900, -0.00009400
c, 13.13, 1.00000000
c, 12.12, 1.00000000
c, 11.11, 1.00000000
c, 10.10, 1.00000000
p, N, 18.1406570000, 9.1077390000, 4.5726520000, 2.2957560000, 1.1526120000, 0.5786830000, 0.2905350000, 0.1458670000, 0.0732340000, 1.2727590000, 0.9785380000, 0.3226970000, 0.1206010000
c, 1.9, 0.03575800, 0.15394500, 0.27765600, 0.29767600, 0.23440300, 0.14032100, 0.06721900, 0.03159400, 0.00330100
c, 13.13, 1.00000000
c, 12.12, 1.00000000
c, 11.11, 1.00000000
c, 10.10, 1.00000000
d, N, 2.7981220000, 1.5425320000, 0.8914360000, 0.3055790000
c, 4.4, 1.00000000
c, 3.3, 1.00000000
c, 2.2, 1.00000000
c, 1.1, 1.00000000
f, N, 2.4430450000, 1.5929670000, 0.5876760000
c, 3.3, 1.00000000
c, 2.2, 1.00000000
c, 1.1, 1.00000000
g, N, 2.8420180000, 1.0386370000
c, 2.2, 1.00000000
c, 1.1, 1.00000000
h, N, 2.2725420000
c, 1.1, 1.00000000
