s, P, 34.4384080000, 15.9989240000, 7.4325610000, 3.4529170000, 1.6041090000, 0.7452150000, 0.3462020000, 0.1608340000, 0.0747180000, 1.0275730000, 0.4347670000, 0.1955250000, 0.0820920000
c, 1.9, 0.14022500, 0.50674600, 0.49989300, 0.03730100, -0.28459100, 0.02476600, 0.00179800, -0.00031400, 0.00008800
c, 13.13, 1.00000000
c, 12.12, 1.00000000
c, 11.11, 1.00000000
c, 10.10, 1.00000000
p, P, 14.9492170000, 7.3354180000, 3.5994100000, 1.7661910000, 0.8666510000, 0.4252560000, 0.2086690000, 0.1023910000, 0.0502420000, 0.8156770000, 0.4707980000, 0.1893820000, 0.0741590000
c, 1.9, 0.07209500, 0.27873500, 0.41103400, 0.30472400, 0.09172700, -0.05706000, -0.00510300, 0.00032800, -0.00004600
c, 13.13, 1.00000000
c, 12.12, 1.00000000
c, 11.11, 1.00000000
c, 10.10, 1.00000000
d, P, 1.5987200000, 1.0216500000, 0.4573070000, 0.1678000000
c, 4.4, 1.00000000
c, 3.3, 1.00000000
c, 2.2, 1.00000000
c, 1.1, 1.00000000
f, P, 0.9849660000, 0.4823800000, 0.2147510000
c, 3.3, 1.00000000
c, 2.2, 1.00000000
c, 1.1, 1.00000000
g, P, 0.9245070000, 0.4064840000
c, 2.2, 1.00000000
c, 1.1, 1.00000000
h, P, 0.8319130000
c, 1.1, 1.00000000
