s, S, 0.0951200000, 0.2023850000, 0.4306110000, 0.9162030000, 1.9493880000, 4.1476740000, 8.8249260000, 18.7766230000, 39.9506560000, 0.1139180000, 0.2827900000, 0.6267020000, 1.3382260000
c, 1.9, 0.14007400, 0.49094200, 0.51529700, 0.05032000, -0.29890800, 0.01982700, 0.00726600, -0.00160200, 0.00027100
c, 10.10, 1.00000000
c, 11.11, 1.00000000
c, 12.12, 1.00000000
c, 13.13, 1.00000000
p, S, 0.0570870000, 0.1159010000, 0.2353050000, 0.4777230000, 0.9698890000, 1.9690990000, 3.9977260000, 8.1163070000, 16.4779790000, 0.0791010000, 0.2106320000, 0.5225370000, 0.9244540000
c, 1.9, 0.08193800, 0.25182600, 0.37634400, 0.32090200, 0.14377900, -0.04554300, -0.01719100, 0.00258000, -0.00022200
c, 10.10, 1.00000000
c, 11.11, 1.00000000
c, 12.12, 1.00000000
c, 13.13, 1.00000000
d, S, 0.1865460000, 0.4623280000, 0.9555790000, 2.3343080000
c, 1.1, 1.00000000
c, 2.2, 1.00000000
c, 3.3, 1.00000000
c, 4.4, 1.00000000
f, S, 0.2743430000, 0.6615680000, 1.3895330000
c, 1.1, 1.00000000
c, 2.2, 1.00000000
c, 3.3, 1.00000000
g, S, 0.4866980000, 1.1664950000
c, 1.1, 1.00000000
c, 2.2, 1.00000000
h, S, 0.8394940000
c, 1.1, 1.00000000
