
Be:ano-pvtz-ecp-bfd


  3
    0    1    2
    4    2    1
    7    4    1

     0.03278000     0.05890000     0.07377600     0.17864000     0.79154200
     1.12676600     1.53494600

     0.03182200     0.37171400     1.88835000     0.00000000
     0.00000000     0.00000000     0.00000000     1.00000000
    -0.28469200    -1.46004000    -6.87687800     0.00000000
     0.13429300     1.12592600     6.62348400     0.00000000
     0.44771300     1.59804500    -1.83689500     0.00000000
     0.50130100    -1.30667100    -0.30081700     0.00000000
     0.14384500    -0.32823900     1.03572600     0.00000000

     0.06018000     0.19510000     0.71100000     3.61900000

     0.00000000     1.00000000
     0.02910500     0.00000000
     0.16946600     0.00000000
     0.51296900     0.00000000

     0.23800000

     1.00000000

