
Ca:cc-pvtz-ecp-bfd


  4
    0    1    2    3
    5    5    4    1
    9    8    7    1

    13.47736100    10.36631800     4.45175900     1.03453500     0.56468000
     0.30111700     0.06776900     0.02666500     0.02630100

    -0.06881200     0.01569900    -0.00694800     0.04428600     0.00000000
     0.19584100    -0.04963500     0.05697000     0.05085600     0.00000000
    -0.49964300     0.14543600    -0.26664200    -0.71213900     0.00000000
     0.48682200    -0.14750200     0.53776600     3.41021800     0.00000000
     0.48847500    -0.28857200     0.55734600    -2.41935500     0.00000000
     0.24869900    -0.17334800    -0.60038600    -1.06787600     0.00000000
     0.01211000     0.76259200    -1.66685800     1.86002200     0.00000000
     0.00028400     0.41769100     1.73009700    -1.14368600     0.00000000
     0.00000000     0.00000000     0.00000000     0.00000000     1.00000000

     7.67562900     5.90065500     2.66576600     2.04464200     0.91873600
     0.42180000     0.17653700     0.02777200

     0.02736200    -0.00624300    -0.14335700     0.05870900     0.00000000
    -0.08448400     0.04831800     0.35739000     0.16590400     0.00000000
    -0.07664900     0.50764800    -0.23064000    -0.84801600     0.00000000
     0.27640200    -1.03601600    -0.66955400    -1.51912000     0.00000000
     0.45795600    -0.31214900    -0.48002800     4.06913200     0.00000000
     0.38699500     0.19013700     2.21338800    -3.37644000     0.00000000
     0.08963500     0.85688000    -1.59045600     1.23719700     0.00000000
     0.00000000     0.00000000     0.00000000     0.00000000     1.00000000

     5.26296300     2.23904700     0.84882800     0.30175800     0.10086400
     0.05370000     0.03275100

     0.04080500     0.03823300    -0.00574400     0.00000000
     0.18071800     0.38645100    -0.90768500     0.00000000
     0.29996800     0.54122400     0.50543100     0.00000000
     0.30686300    -0.14940000     0.67670000     0.00000000
     0.37259800    -0.39834500    -0.40835500     0.00000000
     0.00000000     0.00000000     0.00000000     1.00000000
     0.26873500    -0.27841500    -0.24254300     0.00000000

     0.15090000

     1.00000000

