
Co:cc-pvtz-ecp-bfd


  5
    0    1    2    3    4
    5    5    4    2    1
    9    8    7    2    1

    27.93652200    14.93801100     9.76964500     2.25187100     1.08858000
     0.51621800     0.10696200     0.03803300     0.01900000

    -0.00747400    -0.00043900    -0.03377000     0.08958100     0.00000000
     0.21193600    -0.04088700     0.00326000    -0.21783700     0.00000000
    -0.53326300     0.12385600     0.31415600    -0.22294500     0.00000000
     0.53447100    -0.14878600    -1.17980200     2.57592800     0.00000000
     0.53675000    -0.27917300    -0.11834700    -2.60891600     0.00000000
     0.14804400    -0.04066700     1.12277500    -0.03227500     0.00000000
     0.00697500     0.70785300     0.64561600     1.75258900     0.00000000
     0.00121300     0.40521900    -1.13467300    -1.41373500     0.00000000
     0.00000000     0.00000000     0.00000000     0.00000000     1.00000000

    16.31017200    12.54570100     4.40915400     2.17260000     1.07583200
     0.51667800     0.20535400     0.10000000

     0.01761700    -0.01314600     0.01881100     0.10486900     0.00000000
    -0.06724200     0.05939300    -0.10863200    -0.04414100     0.00000000
     0.25378100    -0.31513800     0.71676000    -1.50767800     0.00000000
     0.41178600    -0.30817900     0.36904700     1.32932700     0.00000000
     0.34158300     0.06233500    -0.84282500     0.86508800     0.00000000
     0.12717300     0.34059100    -0.48473600    -1.27443700     0.00000000
     0.01132000     0.41307400     0.34259300    -0.48683000     0.00000000
     0.00000000     0.00000000     0.00000000     0.00000000     1.00000000

    11.52103200     5.44207700     2.28984300     0.94179200     0.36671400
     0.12949600     0.06500000

     0.08323100    -0.09357000    -0.10673400     0.00000000
     0.26568600    -0.35201000    -0.53376600     0.00000000
     0.34394200    -0.32626600     0.01571100     0.00000000
     0.33678400     0.15593900     0.81693800     0.00000000
     0.23921300     0.49477900    -0.10444800     0.00000000
     0.08803900     0.34699400    -0.59562500     0.00000000
     0.00000000     0.00000000     0.00000000     1.00000000

     4.79439600     1.32386400

     0.00000000     1.00000000
     1.00000000     0.00000000

     3.91226000

     1.00000000

