
Fe:ano-pvtz-ecp-bfd


  5
    0    1    2    3    4
    5    5    4    2    1
    9    8    7    2    1

     0.01750000     0.03690200     0.10248900     0.47115100     0.99349800
     2.06835000     9.00779400    14.03775500    25.88265700

     0.00000000     0.00000000     0.00000000     0.00000000     1.00000000
    -0.01031800     0.00034100    -0.03096700     0.42996800     0.00000000
     0.23036400    -0.04764600    -0.03419200    -1.78654400     0.00000000
    -0.56655100     0.13646500     0.38344300     1.48264100     0.00000000
     0.54443700    -0.15337100    -1.25919200     2.68400400     0.00000000
     0.54000100    -0.28855500    -0.09891300    -6.15249000     0.00000000
     0.14311500    -0.04421200     1.19432100     4.80662100     0.00000000
     0.00738600     0.70476800     0.55502400    -2.13483100     0.00000000
     0.00186900     0.41540700    -1.07756300     0.80572800     0.00000000

     0.10500000     0.21044200     0.51474300     1.06449400     2.11796200
     4.18328900    10.45065300    16.65938900

     0.00000000     0.00000000     0.00000000     0.00000000     1.00000000
     0.00722300    -0.00556000     0.00818500     0.03753300     0.00000000
    -0.07031500     0.06350600    -0.12534800     0.08980500     0.00000000
     0.22916100    -0.27695600     0.65718600    -1.56959700     0.00000000
     0.39319900    -0.32147900     0.50590800     1.10686100     0.00000000
     0.36159600    -0.00480800    -0.77375700     1.12915700     0.00000000
     0.15413900     0.33083300    -0.59277900    -1.16799800     0.00000000
     0.01649800     0.35709500     0.18531500    -0.79549900     0.00000000

     0.05800000     0.11692600     0.32848500     0.84056500     2.03982700
     4.84115100    10.23241300

     0.00000000     0.00000000     0.00000000     1.00000000
     0.08159100    -0.08650000    -0.10142400     0.00000000
     0.26319000    -0.33973800    -0.54849200     0.00000000
     0.34285600    -0.32888200    -0.00209100     0.00000000
     0.33832600     0.13002500     0.82845700     0.00000000
     0.24073000     0.49494100    -0.08820600     0.00000000
     0.08837500     0.36593300    -0.59095800     0.00000000

     1.34040700     4.50241000

     1.00000000     0.00000000
     0.00000000     1.00000000

     3.59956200

     1.00000000

