
Mn:ano-pvtz-ecp-bfd


  5
    0    1    2    3    4
    5    5    4    2    1
    9    8    7    2    1

     0.01800000     0.03559500     0.09745500     0.42256000     0.88975400
     1.85994300     8.21262900    13.46202900    23.64506800

     0.00000000     0.00000000     0.00000000     0.00000000     1.00000000
    -0.01465900     0.00161300    -0.04062300     0.16222900     0.00000000
     0.22366100    -0.04759900    -0.04571600    -0.40978200     0.00000000
    -0.56453500     0.13657000     0.50479700    -0.08904300     0.00000000
     0.55460000    -0.16062400    -1.83186000     3.10576200     0.00000000
     0.53453600    -0.26448900     0.49161200    -4.48453500     0.00000000
     0.14276600    -0.06059300     1.19346900     1.70816000     0.00000000
     0.00477000     0.63313600     0.12445200     1.30789700     0.00000000
     0.00044100     0.49000300    -0.71666900    -1.49014600     0.00000000

     0.10500000     0.21130200     0.51014100     1.06371300     2.12919600
     4.16134000     8.83499500    17.80331700

     0.00000000     0.00000000     0.00000000     0.00000000     1.00000000
     0.00317100    -0.00408000     0.00503000     0.01489900     0.00000000
    -0.08006000     0.11701100    -0.15679500     0.22557600     0.00000000
     0.18573500    -0.36162700     0.60267900    -1.78437500     0.00000000
     0.37536700    -0.56350800     0.51360900     1.17507300     0.00000000
     0.38862400     0.10239500    -0.90821500     1.19112700     0.00000000
     0.19245000     0.57135600    -0.41814600    -1.32779100     0.00000000
     0.02614600     0.31004600     0.37129600    -0.56736500     0.00000000

     0.05000000     0.10612500     0.29609200     0.75611800     1.83482100
     4.36301600     9.25373600

     0.00000000     0.00000000     0.00000000     1.00000000
     0.07628500    -0.08587400    -0.09163300     0.00000000
     0.24772200    -0.35443600    -0.58505800     0.00000000
     0.33005000    -0.36144700     0.04740300     0.00000000
     0.33451800     0.12662900     0.83953100     0.00000000
     0.26354500     0.48140200    -0.13876500     0.00000000
     0.11824100     0.34789700    -0.54489000     0.00000000

     1.09980000     3.81575600

     1.00000000     0.00000000
     0.00000000     1.00000000

     3.07010300

     1.00000000

