
Rb:ano-pvtz-ecp-bfd


  4
    0    1    2    3
    5    5    4    1
    9    8    7    1

     0.01518900     0.03464000     0.20165700     0.39896200     0.40905000
     0.63338900     2.69429400     7.51325000     9.76722500

    -0.07235800     0.01604300    -0.08588900    -0.64025900     0.00000000
     0.17948800    -0.04233200     0.23867800     0.89278800     0.00000000
    -0.49964500     0.13285900    -0.86748400     0.24355200     0.00000000
     0.00000000     0.00000000     0.00000000     0.00000000     1.00000000
     0.41475700    -0.12900500     3.59929400    -8.46625100     0.00000000
     0.49908100    -0.20441600    -1.87920200    12.43545100     0.00000000
     0.31928000    -0.19919500    -1.29502600    -5.24496200     0.00000000
     0.00569400     0.75068500     0.24426400     0.39030000     0.00000000
    -0.00142400     0.38818600     0.24344400     0.24203100     0.00000000

     0.12225700     0.24881000     0.29261200     0.64981300     1.24619900
     3.13186800     4.87959800     6.34347700

     0.01266800     0.02880300     0.03247600    -0.39037300     0.00000000
     0.00000000     0.00000000     0.00000000     0.00000000     1.00000000
     0.01058700    -0.14577700     0.03907500     0.79458000     0.00000000
    -0.14638300     0.40347600    -0.48670900     0.01915400     0.00000000
     0.08886500    -0.50389200     1.55677600    -3.70453600     0.00000000
     0.44367000    -0.93916700    -0.31692800     5.63647500     0.00000000
     0.48334600     0.70979300    -1.80246600    -3.97668100     0.00000000
     0.13756300     0.56364300     1.53844100     1.52590500     0.00000000

     0.00534400     0.01628700     0.05208800     0.19231200     0.37650700
     0.63632200     3.63447900

    -0.00283500    -0.01826400    -0.07694200     0.00000000
     0.09534900     0.87035800    -0.84040100     0.00000000
     0.12183100     0.20274200     1.31437200     0.00000000
     0.29496000    -0.10352600    -0.34332200     0.00000000
     0.00000000     0.00000000     0.00000000     1.00000000
     0.63514100    -0.15698700    -0.03132300     0.00000000
     0.19006000    -0.05426500    -0.09335200     0.00000000

     0.82163700

     1.00000000

