
Sc:ano-pvtz-ecp-bfd


  5
    0    1    2    3    4
    5    5    4    2    1
    9    8    7    2    1

     0.01350000     0.02696800     0.06800600     0.30896200     0.62573600
     1.24842000     4.95605200    11.03081600    14.34006000

     0.00000000     0.00000000     0.00000000     0.00000000     1.00000000
    -0.07803100     0.01517700     0.00359700     0.07940700     0.00000000
     0.22915900    -0.05188900    -0.09856800    -0.00090800     0.00000000
    -0.55601000     0.14905100     0.50658200    -0.68828200     0.00000000
     0.51341400    -0.13940700    -1.24784600     3.36598300     0.00000000
     0.55632200    -0.32175500    -0.40492800    -3.45938600     0.00000000
     0.18493400    -0.09973100     1.40257600     0.23268400     0.00000000
     0.01055100     0.76194900     0.68412900     2.05046700     0.00000000
     0.00096300     0.37113800    -1.27878100    -1.87119200     0.00000000

     0.09000000     0.18272900     0.43778400     0.94812900     2.02597800
     2.63915600     6.20861000     8.07331600

     0.00000000     0.00000000     0.00000000     0.00000000     1.00000000
     0.03577200    -0.04037100    -0.05579300    -0.08107000     0.00000000
    -0.11213400     0.11832100     0.19005000     0.37855900     0.00000000
    -0.01798500    -0.01737500     0.16431600    -1.34315000     0.00000000
     0.30503200    -0.33842500    -1.13365600    -0.45580000     0.00000000
     0.46336400    -0.38367700    -0.03734100     2.06060700     0.00000000
     0.33359600     0.29055600     1.02294800    -0.26604900     0.00000000
     0.06534700     0.20359000     0.37881500    -1.76200400     0.00000000

     0.02800000     0.05684200     0.16272400     0.43630100     1.10407600
     2.64810000     5.79144700

     0.00000000     0.00000000     0.00000000     1.00000000
     0.04525700    -0.03340000     0.01869000     0.00000000
     0.20061000    -0.33241300    -0.55695300     0.00000000
     0.30567000    -0.46111400    -0.16837000     0.00000000
     0.35671500     0.07036200     0.89519800     0.00000000
     0.32352800     0.46014100    -0.04813600     0.00000000
     0.14942700     0.36039200    -0.61540700     0.00000000

     0.65470000     2.11701700

     1.00000000     0.00000000
     0.00000000     1.00000000

     1.89201400

     1.00000000

