
Ti:ano-pvtz-ecp-bfd


  5
    0    1    2    3    4
    5    5    4    2    1
    9    8    7    2    1

     0.01500000     0.02942500     0.07643600     0.29580800     0.62447400
     1.33628800     5.68789000    11.69960800    15.21993300

     0.00000000     0.00000000     0.00000000     0.00000000     1.00000000
    -0.07326500     0.01345000    -0.03175200     0.21832000     0.00000000
     0.23554100    -0.05226400    -0.04762300    -0.24757400     0.00000000
    -0.55053600     0.14621300     0.46705700    -0.44635000     0.00000000
     0.59415500    -0.17566900    -1.44196000     3.08241400     0.00000000
     0.54087000    -0.32864100     0.06402900    -3.76279300     0.00000000
     0.11204500    -0.04092600     1.24794100     0.83408000     0.00000000
     0.00747600     0.73259600     0.43924200     1.74508700     0.00000000
     0.00255000     0.40204000    -1.07183400    -1.60935800     0.00000000

     0.10000000     0.20324000     0.48988000     1.07175300     2.30368900
     6.14149000     7.98393700    10.37911800

     0.00000000     0.00000000     0.00000000     0.00000000     1.00000000
     0.02013900    -0.02672700    -0.02719600    -0.45448100     0.00000000
    -0.04171300     0.06291000     0.04696300     1.48315000     0.00000000
    -0.05534800     0.03027700     0.13291700    -1.15111600     0.00000000
     0.30288000    -0.36039800    -0.96748900    -1.51335600     0.00000000
     0.46905600    -0.35174700    -0.04957000     2.25035400     0.00000000
     0.32153700     0.28549500     1.03237100    -0.35375000     0.00000000
     0.05982300     0.20920000     0.33963900    -1.72493200     0.00000000

     0.03500000     0.07047000     0.19625800     0.50842900     1.25312300
     2.98193900     6.49008600

     0.00000000     0.00000000     0.00000000     1.00000000
     0.05909600    -0.05040200    -0.01322000     0.00000000
     0.22661200    -0.33553000    -0.58416200     0.00000000
     0.32316800    -0.40075600    -0.11354600     0.00000000
     0.35496100     0.08391900     0.89800000     0.00000000
     0.28547500     0.47806900    -0.07993200     0.00000000
     0.11471100     0.37674200    -0.60252300     0.00000000

     0.73393400     2.46059100

     1.00000000     0.00000000
     0.00000000     1.00000000

     2.17672200

     1.00000000

