
V:cc-pvtz-ecp-bfd


  5
    0    1    2    3    4
    5    5    4    2    1
    9    8    7    2    1

    18.36029800    11.57746100     6.39004600     1.52878700     0.72883000
     0.34974100     0.08468500     0.03195200     0.01600000

    -0.02321200     0.00287300    -0.03181900     0.12235000     0.00000000
     0.20028800    -0.04391100    -0.04602900    -0.17215900     0.00000000
    -0.55432000     0.14414800     0.46269300    -0.40441500     0.00000000
     0.56528300    -0.16582300    -1.44243300     3.03392900     0.00000000
     0.54347400    -0.31375600    -0.00027700    -3.60559200     0.00000000
     0.13498900    -0.05569900     1.28751600     0.68049400     0.00000000
     0.00803900     0.71731200     0.43152700     1.78974200     0.00000000
     0.00229300     0.41676300    -1.04271500    -1.63710000     0.00000000
     0.00000000     0.00000000     0.00000000     0.00000000     1.00000000

    13.88326400     6.17400000     4.77289700     2.18241100     1.04949200
     0.49268000     0.20630900     0.10000000

     0.00364800    -0.00425800     0.00715900    -0.02942800     0.00000000
    -0.17504600     0.18613200    -0.38285800     1.27925400     0.00000000
     0.15547300    -0.19214500     0.41800400    -1.98826200     0.00000000
     0.34659400    -0.38447700     0.93486600    -0.56929000     0.00000000
     0.44341000    -0.23216700    -0.28778200     2.09059300     0.00000000
     0.26380300     0.30353700    -0.92782300    -0.73430100     0.00000000
     0.04282600     0.26462000    -0.14924800    -1.40538800     0.00000000
     0.00000000     0.00000000     0.00000000     0.00000000     1.00000000

     7.38419600     3.35035500     1.39872100     0.57147200     0.22372200
     0.08146600     0.04000000

     0.06759300    -0.06394200    -0.04470900     0.00000000
     0.24680200    -0.34802300    -0.59734300     0.00000000
     0.33640400    -0.36660900    -0.03396000     0.00000000
     0.34934800     0.11693900     0.88231700     0.00000000
     0.26010700     0.48892000    -0.12993900     0.00000000
     0.09633400     0.36476200    -0.58776900     0.00000000
     0.00000000     0.00000000     0.00000000     1.00000000

     2.89082300     0.85008400

     0.00000000     1.00000000
     1.00000000     0.00000000

     2.41711800

     1.00000000

