
Zn:cc-pvtz-ecp-bfd


  5
    0    1    2    3    4
    5    5    4    2    1
    9    8    7    2    1

    22.30772100    17.15978500    13.19983500     2.67737600     1.18481300
     0.46785200     0.14833700     0.05106800     0.02500000

    -0.03547600    -0.00504800     0.21544300     0.78703000     0.00000000
     0.36838100    -0.05238600    -0.42447000    -1.86824600     0.00000000
    -0.61361300     0.12879600     0.06204700     0.89040000     0.00000000
     0.61315900    -0.19510600     0.88330700     2.17077900     0.00000000
     0.52010600    -0.27756200    -0.19846000    -2.19425700     0.00000000
     0.06482000    -0.00617500    -0.48800300    -0.37022600     0.00000000
    -0.00300700     0.71431800    -0.98038100     1.61022300     0.00000000
     0.00237200     0.42500300     1.12614000    -0.78010500     0.00000000
     0.00000000     0.00000000     0.00000000     0.00000000     1.00000000

    21.44252100    16.49367500     5.88490500     2.91130500     1.44955900
     0.69990500     0.27611300     0.14000000

     0.01514700    -0.00891300     0.00283700     0.12293600     0.00000000
    -0.05982100     0.05673200    -0.07661500    -0.07515000     0.00000000
     0.24879700    -0.37836400     0.68470100    -1.44023800     0.00000000
     0.40592600    -0.32373700     0.34158700     1.25000200     0.00000000
     0.34442600     0.12026500    -0.83288600     0.85595400     0.00000000
     0.13262700     0.39062800    -0.41576200    -1.11335900     0.00000000
     0.01144000     0.31721700     0.24366200    -0.78107000     0.00000000
     0.00000000     0.00000000     0.00000000     0.00000000     1.00000000

    16.42349500     8.07610300     3.56154500     1.52250800     0.61835000
     0.22673600     0.11400000

     0.06964800    -0.09663400    -0.09193400     0.00000000
     0.25445000    -0.39429500    -0.58269300     0.00000000
     0.33189500    -0.36814600     0.11568800     0.00000000
     0.33679200     0.22592500     0.87356300     0.00000000
     0.24970200     0.51869500    -0.28710900     0.00000000
     0.09243100     0.25116100    -0.55212400     0.00000000
     0.00000000     0.00000000     0.00000000     1.00000000

     6.76249300     1.89886500

     0.00000000     1.00000000
     1.00000000     0.00000000

     5.41792700

     1.00000000

