S  6
  1        0.0327800000     0.03182200
  2        0.0737760000    -0.28469200
  3        0.1786400000     0.13429300
  4        0.7915420000     0.44771300
  5        1.1267660000     0.50130100
  6        1.5349460000     0.14384500
S  6
  1        0.0327800000     0.37171400
  2        0.0737760000    -1.46004000
  3        0.1786400000     1.12592600
  4        0.7915420000     1.59804500
  5        1.1267660000    -1.30667100
  6        1.5349460000    -0.32823900
S  6
  1        0.0327800000     1.88835000
  2        0.0737760000    -6.87687800
  3        0.1786400000     6.62348400
  4        0.7915420000    -1.83689500
  5        1.1267660000    -0.30081700
  6        1.5349460000     1.03572600
S  1
  1        0.0589000000     1.00000000
P  3
  1        0.1951000000     0.02910500
  2        0.7110000000     0.16946600
  3        3.6190000000     0.51296900
P  1
  1        0.0601800000     1.00000000
D  1
  1        0.2380000000     1.00000000

