S  8
  1        0.0126610000    -0.02924100
  2        0.0278830000     0.09830100
  3        0.1721290000    -0.48913100
  4        0.4008300000    -0.08988900
  5        0.6713920000     0.85166900
  6        1.6483310000     0.47990200
  7        5.8426210000     0.01012500
  8        8.5503250000    -0.00310200
S  8
  1        0.0126610000     0.00774600
  2        0.0278830000    -0.02789100
  3        0.1721290000     0.15861500
  4        0.4008300000     0.01297800
  5        0.6713920000    -0.33136500
  6        1.6483310000    -0.28826400
  7        5.8426210000     0.82451400
  8        8.5503250000     0.32606000
S  8
  1        0.0126610000    -0.09094900
  2        0.0278830000     0.25013900
  3        0.1721290000    -1.34335700
  4        0.4008300000     2.09562400
  5        0.6713920000     0.86525300
  6        1.6483310000    -2.08535600
  7        5.8426210000     0.32333200
  8        8.5503250000     0.21337900
S  8
  1        0.0126610000     0.00451400
  2        0.0278830000     0.12784500
  3        0.1721290000    -2.36067800
  4        0.4008300000    10.21884500
  5        0.6713920000   -11.06469600
  6        1.6483310000     3.63346600
  7        5.8426210000     0.01836500
  8        8.5503250000    -0.45466400
S  1
  1        0.0707110000     1.00000000
P  7
  1        0.1024790000    -0.00032500
  2        0.2458900000     0.08274100
  3        0.5707410000    -0.21131100
  4        0.8728670000    -0.11777700
  5        2.2449360000     0.47609000
  6        3.2177600000     0.58323800
  7        5.8890920000     0.17746100
P  7
  1        0.1024790000     0.00584700
  2        0.2458900000    -0.18934500
  3        0.5707410000     0.46142600
  4        0.8728670000     0.08431200
  5        2.2449360000    -1.47771700
  6        3.2177600000     0.49650400
  7        5.8890920000     0.74333500
P  7
  1        0.1024790000     0.00601600
  2        0.2458900000    -0.33832200
  3        0.5707410000     0.93898800
  4        0.8728670000    -1.75030000
  5        2.2449360000    -0.12583400
  6        3.2177600000     2.35501400
  7        5.8890920000    -1.61784400
P  7
  1        0.1024790000     0.04178500
  2        0.2458900000    -0.86207300
  3        0.5707410000     2.32194500
  4        0.8728670000    -8.88958800
  5        2.2449360000    10.27438500
  6        3.2177600000    -4.50436500
  7        5.8890920000     1.53519400
P  1
  1        0.1725910000     1.00000000
D  6
  1        0.0090390000     0.02219800
  2        0.0234040000    -0.04556800
  3        0.0605960000     0.18209100
  4        0.4029470000     0.38057200
  5        1.8882190000     0.37050900
  6        2.4953950000     0.40856500
D  6
  1        0.0090390000     0.01708800
  2        0.0234040000    -0.10304000
  3        0.0605960000     0.99603300
  4        0.4029470000     0.00802500
  5        1.8882190000    -0.22079000
  6        2.4953950000    -0.12141000
D  6
  1        0.0090390000     1.33241700
  2        0.0234040000    -1.77191100
  3        0.0605960000    -0.02673100
  4        0.4029470000     1.15202000
  5        1.8882190000    -0.97884600
  6        2.4953950000     0.08549600
D  1
  1        0.2276730000     1.00000000
F  1
  1        0.5459840000     1.00000000

