S  6
  1       14.7245930000     0.03545900
  2        5.8760240000     0.09681600
  3        2.1841040000     0.21452100
  4        0.8593070000     0.34003300
  5        0.3469000000     0.34902500
  6        0.1400040000     0.13313800
S  6
  1       14.7245930000    -0.05762700
  2        5.8760240000    -0.20501500
  3        2.1841040000    -0.62512000
  4        0.8593070000    -0.24986100
  5        0.3469000000     0.71829400
  6        0.1400040000     0.36890200
S  6
  1       14.7245930000    -0.10462800
  2        5.8760240000    -0.75866100
  3        2.1841040000    -0.41864100
  4        0.8593070000     1.93215100
  5        0.3469000000    -0.64429700
  6        0.1400040000    -0.56081100
S  1
  1        0.2976000000     1.00000000
P  1
  1        0.7580000000     1.00000000
P  1
  1        3.0440000000     1.00000000
D  1
  1        1.9650000000     1.00000000

