S  8
  1       23.6450680000    -0.01465900
  2       13.4620290000     0.22366100
  3        8.2126290000    -0.56453500
  4        1.8599430000     0.55460000
  5        0.8897540000     0.53453600
  6        0.4225600000     0.14276600
  7        0.0974550000     0.00477000
  8        0.0355950000     0.00044100
S  8
  1       23.6450680000     0.00161300
  2       13.4620290000    -0.04759900
  3        8.2126290000     0.13657000
  4        1.8599430000    -0.16062400
  5        0.8897540000    -0.26448900
  6        0.4225600000    -0.06059300
  7        0.0974550000     0.63313600
  8        0.0355950000     0.49000300
S  8
  1       23.6450680000    -0.04062300
  2       13.4620290000    -0.04571600
  3        8.2126290000     0.50479700
  4        1.8599430000    -1.83186000
  5        0.8897540000     0.49161200
  6        0.4225600000     1.19346900
  7        0.0974550000     0.12445200
  8        0.0355950000    -0.71666900
S  8
  1       23.6450680000     0.16222900
  2       13.4620290000    -0.40978200
  3        8.2126290000    -0.08904300
  4        1.8599430000     3.10576200
  5        0.8897540000    -4.48453500
  6        0.4225600000     1.70816000
  7        0.0974550000     1.30789700
  8        0.0355950000    -1.49014600
S  1
  1        0.0180000000     1.00000000
P  7
  1       17.8033170000     0.00317100
  2        8.8349950000    -0.08006000
  3        4.1613400000     0.18573500
  4        2.1291960000     0.37536700
  5        1.0637130000     0.38862400
  6        0.5101410000     0.19245000
  7        0.2113020000     0.02614600
P  7
  1       17.8033170000    -0.00408000
  2        8.8349950000     0.11701100
  3        4.1613400000    -0.36162700
  4        2.1291960000    -0.56350800
  5        1.0637130000     0.10239500
  6        0.5101410000     0.57135600
  7        0.2113020000     0.31004600
P  7
  1       17.8033170000     0.00503000
  2        8.8349950000    -0.15679500
  3        4.1613400000     0.60267900
  4        2.1291960000     0.51360900
  5        1.0637130000    -0.90821500
  6        0.5101410000    -0.41814600
  7        0.2113020000     0.37129600
P  7
  1       17.8033170000     0.01489900
  2        8.8349950000     0.22557600
  3        4.1613400000    -1.78437500
  4        2.1291960000     1.17507300
  5        1.0637130000     1.19112700
  6        0.5101410000    -1.32779100
  7        0.2113020000    -0.56736500
P  1
  1        0.1050000000     1.00000000
D  6
  1        9.2537360000     0.07628500
  2        4.3630160000     0.24772200
  3        1.8348210000     0.33005000
  4        0.7561180000     0.33451800
  5        0.2960920000     0.26354500
  6        0.1061250000     0.11824100
D  6
  1        9.2537360000    -0.08587400
  2        4.3630160000    -0.35443600
  3        1.8348210000    -0.36144700
  4        0.7561180000     0.12662900
  5        0.2960920000     0.48140200
  6        0.1061250000     0.34789700
D  6
  1        9.2537360000    -0.09163300
  2        4.3630160000    -0.58505800
  3        1.8348210000     0.04740300
  4        0.7561180000     0.83953100
  5        0.2960920000    -0.13876500
  6        0.1061250000    -0.54489000
D  1
  1        0.0500000000     1.00000000
F  1
  1        1.0998000000     1.00000000
F  1
  1        3.8157560000     1.00000000
G  1
  1        3.0701030000     1.00000000

