S  8
  1       30.2582900000    -0.00675400
  2       15.3295620000     0.28578200
  3       10.8273400000    -0.61727500
  4        2.5295400000     0.52868700
  5        1.2126110000     0.54665100
  6        0.5699300000     0.15330000
  7        0.1115950000     0.00635700
  8        0.0392140000     0.00055900
S  8
  1       30.2582900000    -0.00071100
  2       15.3295620000    -0.05282500
  3       10.8273400000     0.13423500
  4        2.5295400000    -0.13534000
  5        1.2126110000    -0.27602500
  6        0.5699300000    -0.04176200
  7        0.1115950000     0.71205800
  8        0.0392140000     0.39518600
S  8
  1       30.2582900000    -0.02886700
  2       15.3295620000    -0.02689400
  3       10.8273400000     0.32531200
  4        2.5295400000    -1.01783800
  5        1.2126110000    -0.26304400
  6        0.5699300000     1.07819200
  7        0.1115950000     0.76849800
  8        0.0392140000    -1.21836700
S  8
  1       30.2582900000     0.07723200
  2       15.3295620000    -0.17244100
  3       10.8273400000    -0.28565300
  4        2.5295400000     2.48355100
  5        1.2126110000    -2.23691000
  6        0.5699300000    -0.30958100
  7        0.1115950000     1.73193600
  8        0.0392140000    -1.35458600
P  7
  1       17.5429470000     0.01855400
  2       13.4934070000    -0.06983700
  3        4.6763870000     0.28270300
  4        2.2624850000     0.42248900
  5        1.1049510000     0.32585400
  6        0.5244220000     0.10766900
  7        0.2010130000     0.00807600
P  7
  1       17.5429470000    -0.01062500
  2       13.4934070000     0.05665600
  3        4.6763870000    -0.34902600
  4        2.2624850000    -0.28217300
  5        1.1049510000     0.09404200
  6        0.5244220000     0.36437300
  7        0.2010130000     0.42811700
P  7
  1       17.5429470000     0.00932800
  2       13.4934070000    -0.09478500
  3        4.6763870000     0.76726900
  4        2.2624850000     0.26483800
  5        1.1049510000    -0.87927200
  6        0.5244220000    -0.39137800
  7        0.2010130000     0.41676800
P  7
  1       17.5429470000    -0.14275900
  2       13.4934070000     0.10386900
  3        4.6763870000     1.48555500
  4        2.2624850000    -1.47053700
  5        1.1049510000    -0.66879200
  6        0.5244220000     1.30868400
  7        0.2010130000     0.31602700
P  1
  1        0.1000000000     1.00000000
D  6
  1       12.2263190000     0.08367700
  2        5.8657280000     0.27447300
  3        2.4987310000     0.34229700
  4        1.0327770000     0.33191000
  5        0.4025470000     0.23493700
  6        0.1415170000     0.08659000
D  6
  1       12.2263190000    -0.09797700
  2        5.8657280000    -0.36484300
  3        2.4987310000    -0.31173500
  4        1.0327770000     0.17370900
  5        0.4025470000     0.49541800
  6        0.1415170000     0.33545900
D  6
  1       12.2263190000    -0.11248700
  2        5.8657280000    -0.53371600
  3        2.4987310000     0.04923200
  4        1.0327770000     0.80061900
  5        0.4025470000    -0.11329000
  6        0.1415170000    -0.59973300
D  1
  1        0.0700000000     1.00000000
F  1
  1        1.4671980000     1.00000000
F  1
  1        5.3121510000     1.00000000
G  1
  1        4.3942730000     1.00000000

