S  8
  1        0.0151890000    -0.07235800
  2        0.0346400000     0.17948800
  3        0.2016570000    -0.49964500
  4        0.4090500000     0.41475700
  5        0.6333890000     0.49908100
  6        2.6942940000     0.31928000
  7        7.5132500000     0.00569400
  8        9.7672250000    -0.00142400
S  8
  1        0.0151890000     0.01604300
  2        0.0346400000    -0.04233200
  3        0.2016570000     0.13285900
  4        0.4090500000    -0.12900500
  5        0.6333890000    -0.20441600
  6        2.6942940000    -0.19919500
  7        7.5132500000     0.75068500
  8        9.7672250000     0.38818600
S  8
  1        0.0151890000    -0.08588900
  2        0.0346400000     0.23867800
  3        0.2016570000    -0.86748400
  4        0.4090500000     3.59929400
  5        0.6333890000    -1.87920200
  6        2.6942940000    -1.29502600
  7        7.5132500000     0.24426400
  8        9.7672250000     0.24344400
S  8
  1        0.0151890000    -0.64025900
  2        0.0346400000     0.89278800
  3        0.2016570000     0.24355200
  4        0.4090500000    -8.46625100
  5        0.6333890000    12.43545100
  6        2.6942940000    -5.24496200
  7        7.5132500000     0.39030000
  8        9.7672250000     0.24203100
S  1
  1        0.3989620000     1.00000000
P  7
  1        0.1222570000     0.01266800
  2        0.2926120000     0.01058700
  3        0.6498130000    -0.14638300
  4        1.2461990000     0.08886500
  5        3.1318680000     0.44367000
  6        4.8795980000     0.48334600
  7        6.3434770000     0.13756300
P  7
  1        0.1222570000     0.02880300
  2        0.2926120000    -0.14577700
  3        0.6498130000     0.40347600
  4        1.2461990000    -0.50389200
  5        3.1318680000    -0.93916700
  6        4.8795980000     0.70979300
  7        6.3434770000     0.56364300
P  7
  1        0.1222570000     0.03247600
  2        0.2926120000     0.03907500
  3        0.6498130000    -0.48670900
  4        1.2461990000     1.55677600
  5        3.1318680000    -0.31692800
  6        4.8795980000    -1.80246600
  7        6.3434770000     1.53844100
P  7
  1        0.1222570000    -0.39037300
  2        0.2926120000     0.79458000
  3        0.6498130000     0.01915400
  4        1.2461990000    -3.70453600
  5        3.1318680000     5.63647500
  6        4.8795980000    -3.97668100
  7        6.3434770000     1.52590500
P  1
  1        0.2488100000     1.00000000
D  6
  1        0.0053440000    -0.00283500
  2        0.0162870000     0.09534900
  3        0.0520880000     0.12183100
  4        0.1923120000     0.29496000
  5        0.6363220000     0.63514100
  6        3.6344790000     0.19006000
D  6
  1        0.0053440000    -0.01826400
  2        0.0162870000     0.87035800
  3        0.0520880000     0.20274200
  4        0.1923120000    -0.10352600
  5        0.6363220000    -0.15698700
  6        3.6344790000    -0.05426500
D  6
  1        0.0053440000    -0.07694200
  2        0.0162870000    -0.84040100
  3        0.0520880000     1.31437200
  4        0.1923120000    -0.34332200
  5        0.6363220000    -0.03132300
  6        3.6344790000    -0.09335200
D  1
  1        0.3765070000     1.00000000
F  1
  1        0.8216370000     1.00000000

