S  8
  1        0.0269680000    -0.07803100
  2        0.0680060000     0.22915900
  3        0.3089620000    -0.55601000
  4        0.6257360000     0.51341400
  5        1.2484200000     0.55632200
  6        4.9560520000     0.18493400
  7       11.0308160000     0.01055100
  8       14.3400600000     0.00096300
S  8
  1        0.0269680000     0.01517700
  2        0.0680060000    -0.05188900
  3        0.3089620000     0.14905100
  4        0.6257360000    -0.13940700
  5        1.2484200000    -0.32175500
  6        4.9560520000    -0.09973100
  7       11.0308160000     0.76194900
  8       14.3400600000     0.37113800
S  8
  1        0.0269680000     0.00359700
  2        0.0680060000    -0.09856800
  3        0.3089620000     0.50658200
  4        0.6257360000    -1.24784600
  5        1.2484200000    -0.40492800
  6        4.9560520000     1.40257600
  7       11.0308160000     0.68412900
  8       14.3400600000    -1.27878100
S  8
  1        0.0269680000     0.07940700
  2        0.0680060000    -0.00090800
  3        0.3089620000    -0.68828200
  4        0.6257360000     3.36598300
  5        1.2484200000    -3.45938600
  6        4.9560520000     0.23268400
  7       11.0308160000     2.05046700
  8       14.3400600000    -1.87119200
S  1
  1        0.0135000000     1.00000000
P  7
  1        0.1827290000     0.03577200
  2        0.4377840000    -0.11213400
  3        0.9481290000    -0.01798500
  4        2.0259780000     0.30503200
  5        2.6391560000     0.46336400
  6        6.2086100000     0.33359600
  7        8.0733160000     0.06534700
P  7
  1        0.1827290000    -0.04037100
  2        0.4377840000     0.11832100
  3        0.9481290000    -0.01737500
  4        2.0259780000    -0.33842500
  5        2.6391560000    -0.38367700
  6        6.2086100000     0.29055600
  7        8.0733160000     0.20359000
P  7
  1        0.1827290000    -0.05579300
  2        0.4377840000     0.19005000
  3        0.9481290000     0.16431600
  4        2.0259780000    -1.13365600
  5        2.6391560000    -0.03734100
  6        6.2086100000     1.02294800
  7        8.0733160000     0.37881500
P  7
  1        0.1827290000    -0.08107000
  2        0.4377840000     0.37855900
  3        0.9481290000    -1.34315000
  4        2.0259780000    -0.45580000
  5        2.6391560000     2.06060700
  6        6.2086100000    -0.26604900
  7        8.0733160000    -1.76200400
P  1
  1        0.0900000000     1.00000000
D  6
  1        0.0568420000     0.04525700
  2        0.1627240000     0.20061000
  3        0.4363010000     0.30567000
  4        1.1040760000     0.35671500
  5        2.6481000000     0.32352800
  6        5.7914470000     0.14942700
D  6
  1        0.0568420000    -0.03340000
  2        0.1627240000    -0.33241300
  3        0.4363010000    -0.46111400
  4        1.1040760000     0.07036200
  5        2.6481000000     0.46014100
  6        5.7914470000     0.36039200
D  6
  1        0.0568420000     0.01869000
  2        0.1627240000    -0.55695300
  3        0.4363010000    -0.16837000
  4        1.1040760000     0.89519800
  5        2.6481000000    -0.04813600
  6        5.7914470000    -0.61540700
D  1
  1        0.0280000000     1.00000000
F  1
  1        0.6547000000     1.00000000
F  1
  1        2.1170170000     1.00000000
G  1
  1        1.8920140000     1.00000000

