S  8
  1       22.3077210000    -0.03547600
  2       17.1597850000     0.36838100
  3       13.1998350000    -0.61361300
  4        2.6773760000     0.61315900
  5        1.1848130000     0.52010600
  6        0.4678520000     0.06482000
  7        0.1483370000    -0.00300700
  8        0.0510680000     0.00237200
S  8
  1       22.3077210000    -0.00504800
  2       17.1597850000    -0.05238600
  3       13.1998350000     0.12879600
  4        2.6773760000    -0.19510600
  5        1.1848130000    -0.27756200
  6        0.4678520000    -0.00617500
  7        0.1483370000     0.71431800
  8        0.0510680000     0.42500300
S  8
  1       22.3077210000     0.21544300
  2       17.1597850000    -0.42447000
  3       13.1998350000     0.06204700
  4        2.6773760000     0.88330700
  5        1.1848130000    -0.19846000
  6        0.4678520000    -0.48800300
  7        0.1483370000    -0.98038100
  8        0.0510680000     1.12614000
S  8
  1       22.3077210000     0.78703000
  2       17.1597850000    -1.86824600
  3       13.1998350000     0.89040000
  4        2.6773760000     2.17077900
  5        1.1848130000    -2.19425700
  6        0.4678520000    -0.37022600
  7        0.1483370000     1.61022300
  8        0.0510680000    -0.78010500
S  1
  1        0.0250000000     1.00000000
P  7
  1       21.4425210000     0.01514700
  2       16.4936750000    -0.05982100
  3        5.8849050000     0.24879700
  4        2.9113050000     0.40592600
  5        1.4495590000     0.34442600
  6        0.6999050000     0.13262700
  7        0.2761130000     0.01144000
P  7
  1       21.4425210000    -0.00891300
  2       16.4936750000     0.05673200
  3        5.8849050000    -0.37836400
  4        2.9113050000    -0.32373700
  5        1.4495590000     0.12026500
  6        0.6999050000     0.39062800
  7        0.2761130000     0.31721700
P  7
  1       21.4425210000     0.00283700
  2       16.4936750000    -0.07661500
  3        5.8849050000     0.68470100
  4        2.9113050000     0.34158700
  5        1.4495590000    -0.83288600
  6        0.6999050000    -0.41576200
  7        0.2761130000     0.24366200
P  7
  1       21.4425210000     0.12293600
  2       16.4936750000    -0.07515000
  3        5.8849050000    -1.44023800
  4        2.9113050000     1.25000200
  5        1.4495590000     0.85595400
  6        0.6999050000    -1.11335900
  7        0.2761130000    -0.78107000
P  1
  1        0.1400000000     1.00000000
D  6
  1       16.4234950000     0.06964800
  2        8.0761030000     0.25445000
  3        3.5615450000     0.33189500
  4        1.5225080000     0.33679200
  5        0.6183500000     0.24970200
  6        0.2267360000     0.09243100
D  6
  1       16.4234950000    -0.09663400
  2        8.0761030000    -0.39429500
  3        3.5615450000    -0.36814600
  4        1.5225080000     0.22592500
  5        0.6183500000     0.51869500
  6        0.2267360000     0.25116100
D  6
  1       16.4234950000    -0.09193400
  2        8.0761030000    -0.58269300
  3        3.5615450000     0.11568800
  4        1.5225080000     0.87356300
  5        0.6183500000    -0.28710900
  6        0.2267360000    -0.55212400
D  1
  1        0.1140000000     1.00000000
F  1
  1        1.8988650000     1.00000000
F  1
  1        6.7624930000     1.00000000
G  1
  1        5.4179270000     1.00000000

