****
Cr     0
S   8   1.00
        0.0339370000    -0.01832500
        0.0915280000     0.20195600
        0.3744160000    -0.53623100
        0.7872880000     0.56644300
        1.6494210000     0.53235500
        7.3544680000     0.12701900
       12.6598460000     0.00769400
       20.8735220000     0.00290100
S   8   1.00
        0.0339370000     0.00233500
        0.0915280000    -0.04570600
        0.3744160000     0.14040300
        0.7872880000    -0.17403700
        1.6494210000    -0.30390100
        7.3544680000    -0.04200700
       12.6598460000     0.70558900
       20.8735220000     0.42451200
S   8   1.00
        0.0339370000    -0.03665500
        0.0915280000    -0.02992600
        0.3744160000     0.42309200
        0.7872880000    -1.49975100
        1.6494210000     0.16570500
        7.3544680000     1.21004900
       12.6598460000     0.38688600
       20.8735220000    -0.99632100
S   8   1.00
        0.0339370000     0.12984000
        0.0915280000    -0.23528600
        0.3744160000    -0.27722700
        0.7872880000     2.93446900
        1.6494210000    -3.64983600
        7.3544680000     0.80011500
       12.6598460000     1.69729600
       20.8735220000    -1.56265100
S   1   1.00
        0.0170000000     1.00000000
P   7   1.00
        0.2100590000     0.00192700
        0.5013160000    -0.10167700
        1.0575190000     0.14732600
        2.1589330000     0.36387500
        4.4099550000     0.42081300
        7.5104900000     0.22347700
       18.1219910000     0.03191400
P   7   1.00
        0.2100590000    -0.00231900
        0.5013160000     0.10504000
        1.0575190000    -0.18535900
        2.1589330000    -0.39992600
        4.4099550000    -0.13292800
        7.5104900000     0.33869400
       18.1219910000     0.26172300
P   7   1.00
        0.2100590000     0.00405300
        0.5013160000    -0.20832000
        1.0575190000     0.41223200
        2.1589330000     0.83658700
        4.4099550000    -0.52318500
        7.5104900000    -0.79162500
       18.1219910000    -0.06759900
P   7   1.00
        0.2100590000    -0.00879500
        0.5013160000     0.47721400
        1.0575190000    -1.52074300
        2.1589330000     0.05153600
        4.4099550000     1.84734400
        7.5104900000    -0.96467800
       18.1219910000    -1.21077500
P   1   1.00
        0.1050000000     1.00000000
D   6   1.00
        0.0980840000     0.07466800
        0.2699350000     0.24453800
        0.6848560000     0.33766800
        1.6586410000     0.34756600
        3.9514500000     0.25531900
        8.4302200000     0.09337300
D   6   1.00
        0.0980840000    -0.07749700
        0.2699350000    -0.34449600
        0.6848560000    -0.36218600
        1.6586410000     0.12885400
        3.9514500000     0.49041400
        8.4302200000     0.35775600
D   6   1.00
        0.0980840000    -0.06532500
        0.2699350000    -0.56764800
        0.6848560000    -0.03810500
        1.6586410000     0.87306600
        3.9514500000    -0.11779400
        8.4302200000    -0.59783000
D   1   1.00
        0.0490000000     1.00000000
F   1   1.00
        0.9748280000     1.00000000
F   1   1.00
        3.3496610000     1.00000000
G   1   1.00
        2.7757620000     1.00000000
****
