****
Cs     0
S   8   1.00
        8.5503250000    -0.02924100
        5.8426210000     0.09830100
        1.6483310000    -0.48913100
        0.6713920000    -0.08988900
        0.4008300000     0.85166900
        0.1721290000     0.47990200
        0.0278830000     0.01012500
        0.0126610000    -0.00310200
S   8   1.00
        8.5503250000     0.00774600
        5.8426210000    -0.02789100
        1.6483310000     0.15861500
        0.6713920000     0.01297800
        0.4008300000    -0.33136500
        0.1721290000    -0.28826400
        0.0278830000     0.82451400
        0.0126610000     0.32606000
S   8   1.00
        8.5503250000    -0.09094900
        5.8426210000     0.25013900
        1.6483310000    -1.34335700
        0.6713920000     2.09562400
        0.4008300000     0.86525300
        0.1721290000    -2.08535600
        0.0278830000     0.32333200
        0.0126610000     0.21337900
S   8   1.00
        8.5503250000     0.00451400
        5.8426210000     0.12784500
        1.6483310000    -2.36067800
        0.6713920000    10.21884500
        0.4008300000   -11.06469600
        0.1721290000     3.63346600
        0.0278830000     0.01836500
        0.0126610000    -0.45466400
S   1   1.00
        0.0707110000     1.00000000
P   7   1.00
        5.8890920000    -0.00032500
        3.2177600000     0.08274100
        2.2449360000    -0.21131100
        0.8728670000    -0.11777700
        0.5707410000     0.47609000
        0.2458900000     0.58323800
        0.1024790000     0.17746100
P   7   1.00
        5.8890920000     0.00584700
        3.2177600000    -0.18934500
        2.2449360000     0.46142600
        0.8728670000     0.08431200
        0.5707410000    -1.47771700
        0.2458900000     0.49650400
        0.1024790000     0.74333500
P   7   1.00
        5.8890920000     0.00601600
        3.2177600000    -0.33832200
        2.2449360000     0.93898800
        0.8728670000    -1.75030000
        0.5707410000    -0.12583400
        0.2458900000     2.35501400
        0.1024790000    -1.61784400
P   7   1.00
        5.8890920000     0.04178500
        3.2177600000    -0.86207300
        2.2449360000     2.32194500
        0.8728670000    -8.88958800
        0.5707410000    10.27438500
        0.2458900000    -4.50436500
        0.1024790000     1.53519400
P   1   1.00
        0.1725910000     1.00000000
D   6   1.00
        2.4953950000     0.02219800
        1.8882190000    -0.04556800
        0.4029470000     0.18209100
        0.0605960000     0.38057200
        0.0234040000     0.37050900
        0.0090390000     0.40856500
D   6   1.00
        2.4953950000     0.01708800
        1.8882190000    -0.10304000
        0.4029470000     0.99603300
        0.0605960000     0.00802500
        0.0234040000    -0.22079000
        0.0090390000    -0.12141000
D   6   1.00
        2.4953950000     1.33241700
        1.8882190000    -1.77191100
        0.4029470000    -0.02673100
        0.0605960000     1.15202000
        0.0234040000    -0.97884600
        0.0090390000     0.08549600
D   1   1.00
        0.2276730000     1.00000000
F   1   1.00
        0.5459840000     1.00000000
****
