****
Cu     0
S   8   1.00
       27.8467870000    -0.01933700
       21.4206050000     0.08861400
       10.5372500000    -0.35585900
        2.5355960000     0.53808800
        1.2496840000     0.51113700
        0.5998460000     0.14764000
        0.1155080000     0.00590500
        0.0401270000     0.00016800
S   8   1.00
       27.8467870000    -0.00265300
       21.4206050000    -0.00754200
       10.5372500000     0.07975600
        2.5355960000    -0.15530100
        1.2496840000    -0.25307800
        0.5998460000    -0.02816800
        0.1155080000     0.71236000
        0.0401270000     0.38884700
S   8   1.00
       27.8467870000    -0.10822500
       21.4206050000     0.15509700
       10.5372500000     0.15660600
        2.5355960000    -1.02506600
        1.2496840000    -0.11598500
        0.5998460000     0.96366200
        0.1155080000     0.81996900
        0.0401270000    -1.23059600
S   8   1.00
       27.8467870000     0.30835800
       21.4206050000    -0.49917200
       10.5372500000    -0.07519500
        2.5355960000     2.51632100
        1.2496840000    -2.49295100
        0.5998460000    -0.13703000
        0.1155080000     1.61315000
        0.0401270000    -1.23646500
S   1   1.00
        0.0200000000     1.00000000
P   7   1.00
       18.5940060000     0.00365200
       14.3030110000    -0.03707600
        5.6314200000     0.21712000
        2.6830110000     0.44097300
        1.2585730000     0.35872300
        0.5740840000     0.11484600
        0.2092300000     0.00731600
P   7   1.00
       18.5940060000    -0.00521200
       14.3030110000     0.04711000
        5.6314200000    -0.33286300
        2.6830110000    -0.35736500
        1.2585730000     0.14034100
        0.5740840000     0.39893900
        0.2092300000     0.41503300
P   7   1.00
       18.5940060000     0.00461700
       14.3030110000    -0.07899200
        5.6314200000     0.65249900
        2.6830110000     0.37941100
        1.2585730000    -0.90185200
        0.5740840000    -0.35123200
        0.2092300000     0.46572100
P   7   1.00
       18.5940060000    -0.09701200
       14.3030110000     0.04113900
        5.6314200000     1.37380700
        2.6830110000    -1.14673900
        1.2585730000    -0.89387800
        0.5740840000     1.37992700
        0.2092300000     0.24132200
P   1   1.00
        0.1050000000     1.00000000
D   6   1.00
       15.7872870000     0.08422200
        7.2032130000     0.25543300
        2.9736060000     0.34996600
        1.2070240000     0.34167200
        0.4640460000     0.24169700
        0.1610150000     0.09258300
D   6   1.00
       15.7872870000    -0.10353300
        7.2032130000    -0.35809500
        2.9736060000    -0.34731800
        1.2070240000     0.19930200
        0.4640460000     0.49417500
        0.1610150000     0.34190000
D   6   1.00
       15.7872870000     0.10724400
        7.2032130000     0.49724700
        2.9736060000     0.01663800
        1.2070240000    -0.88857900
        0.4640460000     0.06260400
        0.1610150000     0.70156700
D   1   1.00
        0.8000000000     1.00000000
F   1   1.00
        1.6923300000     1.00000000
F   1   1.00
        6.0615460000     1.00000000
G   1   1.00
        4.6638320000     1.00000000
****
