****
He     0
S   6   1.00
       14.7245930000     0.03545900
        5.8760240000     0.09681600
        2.1841040000     0.21452100
        0.8593070000     0.34003300
        0.3469000000     0.34902500
        0.1400040000     0.13313800
S   6   1.00
       14.7245930000    -0.05762700
        5.8760240000    -0.20501500
        2.1841040000    -0.62512000
        0.8593070000    -0.24986100
        0.3469000000     0.71829400
        0.1400040000     0.36890200
S   6   1.00
       14.7245930000    -0.10462800
        5.8760240000    -0.75866100
        2.1841040000    -0.41864100
        0.8593070000     1.93215100
        0.3469000000    -0.64429700
        0.1400040000    -0.56081100
S   1   1.00
        0.2976000000     1.00000000
P   1   1.00
        0.7580000000     1.00000000
P   1   1.00
        3.0440000000     1.00000000
D   1   1.00
        1.9650000000     1.00000000
****
