****
Sc     0
S   8   1.00
       14.3400600000    -0.07803100
       11.0308160000     0.22915900
        4.9560520000    -0.55601000
        1.2484200000     0.51341400
        0.6257360000     0.55632200
        0.3089620000     0.18493400
        0.0680060000     0.01055100
        0.0269680000     0.00096300
S   8   1.00
       14.3400600000     0.01517700
       11.0308160000    -0.05188900
        4.9560520000     0.14905100
        1.2484200000    -0.13940700
        0.6257360000    -0.32175500
        0.3089620000    -0.09973100
        0.0680060000     0.76194900
        0.0269680000     0.37113800
S   8   1.00
       14.3400600000     0.00359700
       11.0308160000    -0.09856800
        4.9560520000     0.50658200
        1.2484200000    -1.24784600
        0.6257360000    -0.40492800
        0.3089620000     1.40257600
        0.0680060000     0.68412900
        0.0269680000    -1.27878100
S   8   1.00
       14.3400600000     0.07940700
       11.0308160000    -0.00090800
        4.9560520000    -0.68828200
        1.2484200000     3.36598300
        0.6257360000    -3.45938600
        0.3089620000     0.23268400
        0.0680060000     2.05046700
        0.0269680000    -1.87119200
S   1   1.00
        0.0135000000     1.00000000
P   7   1.00
        8.0733160000     0.03577200
        6.2086100000    -0.11213400
        2.6391560000    -0.01798500
        2.0259780000     0.30503200
        0.9481290000     0.46336400
        0.4377840000     0.33359600
        0.1827290000     0.06534700
P   7   1.00
        8.0733160000    -0.04037100
        6.2086100000     0.11832100
        2.6391560000    -0.01737500
        2.0259780000    -0.33842500
        0.9481290000    -0.38367700
        0.4377840000     0.29055600
        0.1827290000     0.20359000
P   7   1.00
        8.0733160000    -0.05579300
        6.2086100000     0.19005000
        2.6391560000     0.16431600
        2.0259780000    -1.13365600
        0.9481290000    -0.03734100
        0.4377840000     1.02294800
        0.1827290000     0.37881500
P   7   1.00
        8.0733160000    -0.08107000
        6.2086100000     0.37855900
        2.6391560000    -1.34315000
        2.0259780000    -0.45580000
        0.9481290000     2.06060700
        0.4377840000    -0.26604900
        0.1827290000    -1.76200400
P   1   1.00
        0.0900000000     1.00000000
D   6   1.00
        5.7914470000     0.04525700
        2.6481000000     0.20061000
        1.1040760000     0.30567000
        0.4363010000     0.35671500
        0.1627240000     0.32352800
        0.0568420000     0.14942700
D   6   1.00
        5.7914470000    -0.03340000
        2.6481000000    -0.33241300
        1.1040760000    -0.46111400
        0.4363010000     0.07036200
        0.1627240000     0.46014100
        0.0568420000     0.36039200
D   6   1.00
        5.7914470000     0.01869000
        2.6481000000    -0.55695300
        1.1040760000    -0.16837000
        0.4363010000     0.89519800
        0.1627240000    -0.04813600
        0.0568420000    -0.61540700
D   1   1.00
        0.0280000000     1.00000000
F   1   1.00
        0.6547000000     1.00000000
F   1   1.00
        2.1170170000     1.00000000
G   1   1.00
        1.8920140000     1.00000000
****
