****
Ti     0
S   8   1.00
        0.0294250000    -0.07326500
        0.0764360000     0.23554100
        0.2958080000    -0.55053600
        0.6244740000     0.59415500
        1.3362880000     0.54087000
        5.6878900000     0.11204500
       11.6996080000     0.00747600
       15.2199330000     0.00255000
S   8   1.00
        0.0294250000     0.01345000
        0.0764360000    -0.05226400
        0.2958080000     0.14621300
        0.6244740000    -0.17566900
        1.3362880000    -0.32864100
        5.6878900000    -0.04092600
       11.6996080000     0.73259600
       15.2199330000     0.40204000
S   8   1.00
        0.0294250000    -0.03175200
        0.0764360000    -0.04762300
        0.2958080000     0.46705700
        0.6244740000    -1.44196000
        1.3362880000     0.06402900
        5.6878900000     1.24794100
       11.6996080000     0.43924200
       15.2199330000    -1.07183400
S   8   1.00
        0.0294250000     0.21832000
        0.0764360000    -0.24757400
        0.2958080000    -0.44635000
        0.6244740000     3.08241400
        1.3362880000    -3.76279300
        5.6878900000     0.83408000
       11.6996080000     1.74508700
       15.2199330000    -1.60935800
S   1   1.00
        0.0150000000     1.00000000
P   7   1.00
        0.2032400000     0.02013900
        0.4898800000    -0.04171300
        1.0717530000    -0.05534800
        2.3036890000     0.30288000
        6.1414900000     0.46905600
        7.9839370000     0.32153700
       10.3791180000     0.05982300
P   7   1.00
        0.2032400000    -0.02672700
        0.4898800000     0.06291000
        1.0717530000     0.03027700
        2.3036890000    -0.36039800
        6.1414900000    -0.35174700
        7.9839370000     0.28549500
       10.3791180000     0.20920000
P   7   1.00
        0.2032400000    -0.02719600
        0.4898800000     0.04696300
        1.0717530000     0.13291700
        2.3036890000    -0.96748900
        6.1414900000    -0.04957000
        7.9839370000     1.03237100
       10.3791180000     0.33963900
P   7   1.00
        0.2032400000    -0.45448100
        0.4898800000     1.48315000
        1.0717530000    -1.15111600
        2.3036890000    -1.51335600
        6.1414900000     2.25035400
        7.9839370000    -0.35375000
       10.3791180000    -1.72493200
P   1   1.00
        0.1000000000     1.00000000
D   6   1.00
        0.0704700000     0.05909600
        0.1962580000     0.22661200
        0.5084290000     0.32316800
        1.2531230000     0.35496100
        2.9819390000     0.28547500
        6.4900860000     0.11471100
D   6   1.00
        0.0704700000    -0.05040200
        0.1962580000    -0.33553000
        0.5084290000    -0.40075600
        1.2531230000     0.08391900
        2.9819390000     0.47806900
        6.4900860000     0.37674200
D   6   1.00
        0.0704700000    -0.01322000
        0.1962580000    -0.58416200
        0.5084290000    -0.11354600
        1.2531230000     0.89800000
        2.9819390000    -0.07993200
        6.4900860000    -0.60252300
D   1   1.00
        0.0350000000     1.00000000
F   1   1.00
        0.7339340000     1.00000000
F   1   1.00
        2.4605910000     1.00000000
G   1   1.00
        2.1767220000     1.00000000
****
