****
V      0
S   8   1.00
        0.0319520000    -0.02321200
        0.0846850000     0.20028800
        0.3497410000    -0.55432000
        0.7288300000     0.56528300
        1.5287870000     0.54347400
        6.3900460000     0.13498900
       11.5774610000     0.00803900
       18.3602980000     0.00229300
S   8   1.00
        0.0319520000     0.00287300
        0.0846850000    -0.04391100
        0.3497410000     0.14414800
        0.7288300000    -0.16582300
        1.5287870000    -0.31375600
        6.3900460000    -0.05569900
       11.5774610000     0.71731200
       18.3602980000     0.41676300
S   8   1.00
        0.0319520000    -0.03181900
        0.0846850000    -0.04602900
        0.3497410000     0.46269300
        0.7288300000    -1.44243300
        1.5287870000    -0.00027700
        6.3900460000     1.28751600
       11.5774610000     0.43152700
       18.3602980000    -1.04271500
S   8   1.00
        0.0319520000     0.12235000
        0.0846850000    -0.17215900
        0.3497410000    -0.40441500
        0.7288300000     3.03392900
        1.5287870000    -3.60559200
        6.3900460000     0.68049400
       11.5774610000     1.78974200
       18.3602980000    -1.63710000
S   1   1.00
        0.0160000000     1.00000000
P   7   1.00
        0.2063090000     0.00364800
        0.4926800000    -0.17504600
        1.0494920000     0.15547300
        2.1824110000     0.34659400
        4.7728970000     0.44341000
        6.1740000000     0.26380300
       13.8832640000     0.04282600
P   7   1.00
        0.2063090000    -0.00425800
        0.4926800000     0.18613200
        1.0494920000    -0.19214500
        2.1824110000    -0.38447700
        4.7728970000    -0.23216700
        6.1740000000     0.30353700
       13.8832640000     0.26462000
P   7   1.00
        0.2063090000     0.00715900
        0.4926800000    -0.38285800
        1.0494920000     0.41800400
        2.1824110000     0.93486600
        4.7728970000    -0.28778200
        6.1740000000    -0.92782300
       13.8832640000    -0.14924800
P   7   1.00
        0.2063090000    -0.02942800
        0.4926800000     1.27925400
        1.0494920000    -1.98826200
        2.1824110000    -0.56929000
        4.7728970000     2.09059300
        6.1740000000    -0.73430100
       13.8832640000    -1.40538800
P   1   1.00
        0.1000000000     1.00000000
D   6   1.00
        0.0814660000     0.06759300
        0.2237220000     0.24680200
        0.5714720000     0.33640400
        1.3987210000     0.34934800
        3.3503550000     0.26010700
        7.3841960000     0.09633400
D   6   1.00
        0.0814660000    -0.06394200
        0.2237220000    -0.34802300
        0.5714720000    -0.36660900
        1.3987210000     0.11693900
        3.3503550000     0.48892000
        7.3841960000     0.36476200
D   6   1.00
        0.0814660000    -0.04470900
        0.2237220000    -0.59734300
        0.5714720000    -0.03396000
        1.3987210000     0.88231700
        3.3503550000    -0.12993900
        7.3841960000    -0.58776900
D   1   1.00
        0.0400000000     1.00000000
F   1   1.00
        0.8500840000     1.00000000
F   1   1.00
        2.8908230000     1.00000000
G   1   1.00
        2.4171180000     1.00000000
****
