S  9
  1       10.2889900000     0.03203100
  2        5.1505200000     0.24331700
  3        2.5782760000     0.43463600
  4        1.2906480000     0.32958100
  5        0.6460800000     0.11187500
  6        0.3234180000    -0.07869900
  7        0.1618980000    -0.09878100
  8        0.0810440000     0.01616400
  9        0.0405690000    -0.00001600
S  1
  1        0.0706640000     1.00000000
S  1
  1        0.1708960000     1.00000000
S  1
  1        0.3757200000     1.00000000
S  1
  1        0.6141050000     1.00000000
P  9
  1        7.4707010000     0.01990900
  2        3.7357430000     0.14177500
  3        1.8680680000     0.29446300
  4        0.9341320000     0.30902800
  5        0.4671150000     0.23637800
  6        0.2335820000     0.13131700
  7        0.1168030000     0.06645400
  8        0.0584080000     0.02124800
  9        0.0292070000     0.00283700
P  1
  1        0.0579170000     1.00000000
P  1
  1        0.1437720000     1.00000000
P  1
  1        0.4363270000     1.00000000
P  1
  1        0.5666110000     1.00000000
D  1
  1        0.1348380000     1.00000000
D  1
  1        0.3801630000     1.00000000
D  1
  1        0.8082330000     1.00000000
D  1
  1        1.0222560000     1.00000000
F  1
  1        0.2727170000     1.00000000
F  1
  1        0.7991740000     1.00000000
F  1
  1        1.0021710000     1.00000000
G  1
  1        0.4861310000     1.00000000
G  1
  1        0.8243660000     1.00000000
H  1
  1        0.6327790000     1.00000000

