S  9
  1       13.0735940000     0.01399100
  2        6.5411870000     0.16985200
  3        3.2727910000     0.39752900
  4        1.6374940000     0.38036900
  5        0.8192970000     0.18011300
  6        0.4099240000    -0.03351200
  7        0.2051000000    -0.12149900
  8        0.1026190000     0.01517600
  9        0.0513440000    -0.00070500
S  1
  1        0.0983020000     1.00000000
S  1
  1        0.2320340000     1.00000000
S  1
  1        0.7444480000     1.00000000
S  1
  1        1.0099140000     1.00000000
P  9
  1        7.4800760000     0.00178700
  2        3.7410350000     0.05042600
  3        1.8710160000     0.19163400
  4        0.9357570000     0.30266700
  5        0.4680030000     0.28986800
  6        0.2340640000     0.21097900
  7        0.1170630000     0.11202400
  8        0.0585470000     0.05442500
  9        0.0292810000     0.02193100
P  1
  1        0.0840470000     1.00000000
P  1
  1        0.2166180000     1.00000000
P  1
  1        0.5768690000     1.00000000
P  1
  1        1.0062520000     1.00000000
D  1
  1        0.2066190000     1.00000000
D  1
  1        0.6069330000     1.00000000
D  1
  1        1.0015260000     1.00000000
D  1
  1        1.5048820000     1.00000000
F  1
  1        0.4005730000     1.00000000
F  1
  1        1.0995640000     1.00000000
F  1
  1        1.5010910000     1.00000000
G  1
  1        0.7976480000     1.00000000
G  1
  1        1.4013430000     1.00000000
H  1
  1        1.0017030000     1.00000000

