S  9
  1       68.5024330000     0.07024000
  2       32.4273480000     0.31108800
  3       15.3503000000     0.44467500
  4        7.2664510000     0.28701100
  5        3.4397570000     0.01875900
  6        1.6282950000    -0.12860800
  7        0.7707950000     0.00910400
  8        0.3648750000     0.00081000
  9        0.1727230000    -0.00013300
S  1
  1        0.1911460000     1.00000000
S  1
  1        0.4596970000     1.00000000
S  1
  1        1.2502650000     1.00000000
S  1
  1        2.5424280000     1.00000000
P  9
  1       28.4307990000     0.03532100
  2       14.0477370000     0.13692400
  3        6.9410260000     0.24935300
  4        3.4295800000     0.28662000
  5        1.6945650000     0.25454100
  6        0.8372890000     0.16957200
  7        0.4137070000     0.08854200
  8        0.2044140000     0.03984300
  9        0.1010010000     0.00337800
P  1
  1        0.1705740000     1.00000000
P  1
  1        0.4890190000     1.00000000
P  1
  1        1.5050850000     1.00000000
P  1
  1        2.0186980000     1.00000000
D  1
  1        0.5177110000     1.00000000
D  1
  1        1.5233060000     1.00000000
D  1
  1        3.9018970000     1.00000000
D  1
  1        5.6035810000     1.00000000
F  1
  1        0.9814940000     1.00000000
F  1
  1        2.9503210000     1.00000000
F  1
  1        4.2978890000     1.00000000
G  1
  1        1.6389330000     1.00000000
G  1
  1        4.6199530000     1.00000000
H  1
  1        2.9631270000     1.00000000

