S  9
  1        0.0777860000     0.01242500
  2        0.1615280000     0.12825100
  3        0.3354250000     0.28222100
  4        0.6965350000     0.29242700
  5        1.4464080000     0.21502500
  6        3.0035760000     0.12545000
  7        6.2371540000     0.06491200
  8       12.9519260000     0.03889200
  9       26.8956620000     0.00253100
S  1
  1        1.3243120000     1.00000000
S  1
  1        0.8769760000     1.00000000
S  1
  1        0.2940750000     1.00000000
S  1
  1        0.1165060000     1.00000000
P  8
  1        0.2285280000    -0.00011600
  2        0.4220190000     2.11695000
  3        0.7793330000    -2.18295400
  4        1.4391800000     1.54585000
  5        2.6577060000    -0.87947700
  6        4.9079340000     0.46971000
  7        9.0633860000    -0.22463100
  8       16.7371800000     0.09842200
P  1
  1        6.7410090000     1.00000000
P  1
  1        2.6473400000     1.00000000
P  1
  1        0.8938500000     1.00000000
D  1
  1        1.8422780000     1.00000000
D  1
  1        2.1752080000     1.00000000
D  1
  1        4.2855150000     1.00000000
F  1
  1        0.7497340000     1.00000000
F  1
  1        1.6320740000     1.00000000
G  1
  1        0.6236690000     1.00000000

