S  9
  1        0.0794120000     0.19204300
  2        0.1786870000     0.61168200
  3        0.4020680000     0.43926100
  4        0.9047020000    -0.11028000
  5        2.0356910000    -0.39417900
  6        4.5805550000     0.14563200
  7       10.3068110000    -0.02137900
  8       23.1915930000     0.00320500
  9       52.1839370000    -0.00046900
S  1
  1        0.0514800000     1.00000000
P  9
  1        0.0506260000     0.10505800
  2        0.1086920000     0.36181900
  3        0.2333540000     0.45210700
  4        0.5009950000     0.23124300
  5        1.0756030000    -0.00954900
  6        2.3092480000    -0.12176700
  7        4.9578020000     0.02864800
  8       10.6440710000    -0.00294100
  9       22.8521150000     0.00029300
P  1
  1        0.0956230000     1.00000000
D  1
  1        0.2976520000     1.00000000

