S  9
  1        0.1001430000     0.22529000
  2        0.1993610000     0.60154100
  3        0.3968810000     0.51560900
  4        0.7900950000    -0.01016700
  5        1.5728910000    -0.99610200
  6        3.1312500000     0.58871700
  7        6.2335730000    -0.15241500
  8       12.4095580000     0.02800000
  9       24.7044720000    -0.00375900
S  1
  1        0.0427010000     1.00000000
P  9
  1        0.0536780000     0.12622400
  2        0.1042540000     0.30830000
  3        0.2024850000     0.45845500
  4        0.3932700000     0.28399800
  5        0.7638180000     0.00724100
  6        1.4835030000    -0.31923700
  7        2.8812920000     0.13619300
  8        5.5961070000    -0.02484900
  9       10.8688790000     0.00268000
P  1
  1        0.0745700000     1.00000000
D  1
  1        0.2047790000     1.00000000

