S  9
  1        0.0130000000     0.00070600
  2        0.0299000000    -0.00211900
  3        0.0687700000     0.05769300
  4        0.1581700000     0.23069500
  5        0.3637920000     0.27761200
  6        0.8367210000     0.16983300
  7        1.9244580000     0.09744300
  8        4.4262540000     0.02996600
  9       10.1803850000    -0.00045200
S  1
  1        0.1704830000     1.00000000
P  9
  1        0.0030000000     0.00124200
  2        0.0078000000    -0.00091300
  3        0.0202810000    -0.00005400
  4        0.0527300000    -0.00023800
  5        0.1370970000    -0.01153000
  6        0.3564510000    -0.01823500
  7        0.9267740000    -0.01392900
  8        2.4096120000    -0.00939500
  9        6.2649910000    -0.00034700

