S  9
  1        0.1253460000     0.05574100
  2        0.2680220000     0.30484800
  3        0.5730980000     0.45375200
  4        1.2254290000     0.29592600
  5        2.6202770000     0.01956700
  6        5.6028180000    -0.12862700
  7       11.9802450000     0.01202400
  8       25.6168010000     0.00040700
  9       54.7752160000    -0.00007600
S  1
  1        0.2585510000     1.00000000
P  9
  1        0.0835980000     0.04495800
  2        0.1670170000     0.15017500
  3        0.3336730000     0.25599900
  4        0.6666270000     0.28187900
  5        1.3318160000     0.24283500
  6        2.6607610000     0.16113400
  7        5.3157850000     0.08230800
  8       10.6201080000     0.03989900
  9       21.2173180000     0.00467900
P  1
  1        0.2678650000     1.00000000
D  1
  1        1.2327530000     1.00000000

