S  9
  1       18.0604460000     0.32426400
  2        9.0840130000     0.57115500
  3        4.5690610000     0.37405100
  4        2.2981390000     0.12474900
  5        1.1559140000    -1.11272100
  6        0.5814000000     0.68123100
  7        0.2924310000    -0.19171600
  8        0.1470870000     0.03780600
  9        0.0739810000    -0.00522500
S  1
  1        0.0270530000     1.00000000
P  9
  1        8.5757480000     0.17140200
  2        4.3343330000     0.35547300
  3        2.1906470000     0.43826500
  4        1.1071910000     0.18231500
  5        0.5595940000     0.03852600
  6        0.2828280000    -0.29522700
  7        0.1429460000     0.12970800
  8        0.0722480000    -0.02587700
  9        0.0365150000     0.00310600
P  1
  1        0.0503330000     1.00000000
D  1
  1        0.1439030000     1.00000000

