S  9
  1       24.3807530000     0.23189200
  2       12.0753880000     0.60460400
  3        5.9807420000     0.48683800
  4        2.9621640000    -0.02087700
  5        1.4671110000    -0.91569300
  6        0.7266360000     0.53028700
  7        0.3598910000    -0.13462400
  8        0.1782480000     0.02465100
  9        0.0882830000    -0.00335300
S  1
  1        0.0377680000     1.00000000
P  9
  1       10.7423740000     0.08113200
  2        5.4171770000     0.31215400
  3        2.7317800000     0.48575800
  4        1.3775850000     0.28995400
  5        0.6946900000    -0.00509900
  6        0.3503190000    -0.29028400
  7        0.1766590000     0.12072400
  8        0.0890860000    -0.02178800
  9        0.0449240000     0.00241100
P  1
  1        0.0624660000     1.00000000
D  1
  1        0.1803170000     1.00000000

