S  9
  1        0.1079790000     0.20681700
  2        0.2166510000     0.60889000
  3        0.4346920000     0.54401500
  4        0.8721730000    -0.08225200
  5        1.7499410000    -0.87870900
  6        3.5111080000     0.50646500
  7        7.0447400000    -0.12431500
  8       14.1346730000     0.02198800
  9       28.3600210000    -0.00293000
S  1
  1        0.4599870000     1.00000000
P  9
  1        0.0618960000     0.11599100
  2        0.1194800000     0.30596300
  3        0.2306360000     0.46593900
  4        0.4452070000     0.29890200
  5        0.8594010000    -0.01842200
  6        1.6589360000    -0.30423100
  7        3.2023110000     0.12964600
  8        6.1815510000    -0.02293500
  9       11.9324990000     0.00238300
P  1
  1        0.3656790000     1.00000000
D  1
  1        0.2266040000     1.00000000

