S  9
  1       24.0534720000     0.21745900
  2       11.5772900000     0.59993200
  3        5.5723200000     0.45940700
  4        2.6820400000    -0.04247200
  5        1.2909050000    -0.65036200
  6        0.6213320000     0.29833300
  7        0.2990560000    -0.05689300
  8        0.1439400000     0.00910200
  9        0.0692800000    -0.00125500
S  1
  1        0.0379420000     1.00000000
P  9
  1       10.7823270000     0.08171200
  2        5.3580300000     0.32260500
  3        2.6625500000     0.46472200
  4        1.3230930000     0.27708800
  5        0.6574810000     0.00909000
  6        0.3267200000    -0.19482500
  7        0.1623560000     0.05439200
  8        0.0806790000    -0.00645500
  9        0.0400920000     0.00062900
P  1
  1        0.0736290000     1.00000000
D  1
  1        0.2106040000     1.00000000

