S  9
  1       62.9122580000     0.20096500
  2       28.0010400000     0.61509300
  3       12.4627260000     0.46263600
  4        5.5469200000    -0.20417900
  5        2.4688280000    -0.30758400
  6        1.0988280000     0.10989500
  7        0.4890670000    -0.01228800
  8        0.2176740000     0.00120500
  9        0.0968830000    -0.00013200
S  1
  1        0.0624670000     1.00000000
P  9
  1       28.3787080000     0.07350400
  2       13.0326850000     0.33469200
  3        5.9851520000     0.47332300
  4        2.7486310000     0.27657100
  5        1.2622860000    -0.03235600
  6        0.5796940000    -0.10370900
  7        0.2662200000     0.02018100
  8        0.1222590000    -0.00109500
  9        0.0561470000     0.00001900
P  1
  1        0.1073810000     1.00000000
D  1
  1        0.3486490000     1.00000000

