S  9
  1       29.7243870000     0.16749200
  2       13.6817070000     0.53255000
  3        6.2974930000     0.46429000
  4        2.8986450000    -0.00232200
  5        1.3342050000    -0.26823400
  6        0.6141150000     0.03192100
  7        0.2826680000    -0.00010600
  8        0.1301080000    -0.00014500
  9        0.0598870000     0.00006700
S  1
  1        0.0598030000     1.00000000
P  9
  1       13.0220970000     0.07876100
  2        6.2469660000     0.30833100
  3        2.9967970000     0.41777300
  4        1.4376250000     0.28167600
  5        0.6896580000     0.06987600
  6        0.3308430000    -0.05630600
  7        0.1587120000     0.00074400
  8        0.0761370000    -0.00025900
  9        0.0365250000    -0.00002200
P  1
  1        0.0815700000     1.00000000
D  1
  1        0.2836260000     1.00000000

