S  9
  1        0.0590000000     0.23888200
  2        0.1243270000     0.59880600
  3        0.2619860000     0.42253100
  4        0.5520650000    -0.03572700
  5        1.1633300000    -0.63179000
  6        2.4514070000     0.29429700
  7        5.1656850000    -0.05759200
  8       10.8853030000     0.00933300
  9       22.9378720000    -0.00129800
S  1
  1        0.0311990000     1.00000000
P  9
  1        0.0305130000     0.08395800
  2        0.0633060000     0.34066000
  3        0.1313420000     0.45825700
  4        0.2724970000     0.25795000
  5        0.5653510000     0.02092200
  6        1.1729380000    -0.18912100
  7        2.4335040000     0.05406800
  8        5.0488100000    -0.00701300
  9       10.4748080000     0.00074900
P  1
  1        0.0583850000     1.00000000
D  1
  1        0.1703480000     1.00000000

