
Ar:aug-cc-pvdz-ecp-bfd


  3
    0    1    2
    3    3    2
   11   11    2

     0.07090000     0.14734700     0.14752600     0.31216400     0.66133900
     1.40109000     2.96830100     6.28853900    13.32267700    28.22495600
    59.79640200

     0.00000000     0.00000000     1.00000000
     0.15547300     0.00000000     0.00000000
     0.00000000     1.00000000     0.00000000
     0.49461700     0.00000000     0.00000000
     0.52670500     0.00000000     0.00000000
     0.02198600     0.00000000     0.00000000
    -0.33853300     0.00000000     0.00000000
     0.05602300     0.00000000     0.00000000
    -0.00011500     0.00000000     0.00000000
    -0.00059500     0.00000000     0.00000000
     0.00012700     0.00000000     0.00000000

     0.05330000     0.09058000     0.18808500     0.21179800     0.39054800
     0.81095300     1.68390200     3.49653500     7.26037100    15.07578100
    31.30406900

     0.00000000     0.00000000     1.00000000
     0.07910100     0.00000000     0.00000000
     0.26071800     0.00000000     0.00000000
     0.00000000     1.00000000     0.00000000
     0.39506500     0.00000000     0.00000000
     0.33495400     0.00000000     0.00000000
     0.10746200     0.00000000     0.00000000
    -0.07365700     0.00000000     0.00000000
    -0.00140700     0.00000000     0.00000000
     0.00171000     0.00000000     0.00000000
    -0.00027500     0.00000000     0.00000000

     0.24000000     0.81088800

     0.00000000     1.00000000
     1.00000000     0.00000000

