
Be:aug-cc-pvdz-ecp-bfd


  3
    0    1    2
    3    3    2
   11   11    2

     0.01877000     0.03006800     0.05400200     0.09698600     0.17418600
     0.23939200     0.31283600     0.56185000     1.00907700     1.81229000
     3.25485200

     0.00000000     0.00000000     1.00000000
     0.02510500     0.00000000     0.00000000
     0.17889000     0.00000000     0.00000000
     0.26393900     0.00000000     0.00000000
     0.43594600     0.00000000     0.00000000
     0.00000000     1.00000000     0.00000000
    -0.00818800     0.00000000     0.00000000
     0.04950900     0.00000000     0.00000000
    -0.11457600     0.00000000     0.00000000
    -0.06720700     0.00000000     0.00000000
     0.01725000     0.00000000     0.00000000

     0.00850000     0.01506400     0.02858400     0.05423600     0.10291100
     0.19526900     0.22296900     0.37051300     0.70303000     1.33396700
     2.53113900

     0.00000000     0.00000000     1.00000000
     0.73505200     0.00000000     0.00000000
    -0.47621400     0.00000000     0.00000000
     0.56480600     0.00000000     0.00000000
    -0.10857500     0.00000000     0.00000000
     0.23386200     0.00000000     0.00000000
     0.00000000     1.00000000     0.00000000
    -0.00900300     0.00000000     0.00000000
     0.06751000     0.00000000     0.00000000
    -0.00286800     0.00000000     0.00000000
     0.01786900     0.00000000     0.00000000

     0.07400000     0.21734000

     0.00000000     1.00000000
     1.00000000     0.00000000

