
N:aug-cc-pvdz-ecp-bfd


  3
    0    1    2
    3    3    2
   11   11    2

     0.06124000     0.09886900     0.17512300     0.21144300     0.45219700
     0.96708000     2.06822100     4.42315000     9.45946200    20.23024600
    43.26491900

     0.00000000     0.00000000     1.00000000
     0.06726600     0.00000000     0.00000000
     0.00000000     1.00000000     0.00000000
     0.33429000     0.00000000     0.00000000
     0.45425700     0.00000000     0.00000000
     0.26786100     0.00000000     0.00000000
     0.00024800     0.00000000     0.00000000
    -0.13260600     0.00000000     0.00000000
     0.01443700     0.00000000     0.00000000
     0.00035900     0.00000000     0.00000000
    -0.00009400     0.00000000     0.00000000

     0.05611000     0.07323400     0.14586700     0.22304200     0.29053500
     0.57868300     1.15261200     2.29575600     4.57265200     9.10773900
    18.14065700

     0.00000000     0.00000000     1.00000000
     0.03575800     0.00000000     0.00000000
     0.15394500     0.00000000     0.00000000
     0.00000000     1.00000000     0.00000000
     0.27765600     0.00000000     0.00000000
     0.29767600     0.00000000     0.00000000
     0.23440300     0.00000000     0.00000000
     0.14032100     0.00000000     0.00000000
     0.06721900     0.00000000     0.00000000
     0.03159400     0.00000000     0.00000000
     0.00330100     0.00000000     0.00000000

     0.23000000     0.83205800

     0.00000000     1.00000000
     1.00000000     0.00000000

