
Na:aug-cc-pvdz-ecp-bfd


  3
    0    1    2
    3    3    2
   11   11    2

     0.00725000     0.01306100     0.03004100     0.06909200     0.15890800
     0.36548100     0.84058900     0.86513500     1.93331500     4.44653300
    10.22681600

     0.00000000     0.00000000     1.00000000
     0.20011800     0.00000000     0.00000000
     0.46765200     0.00000000     0.00000000
     0.22773800     0.00000000     0.00000000
    -0.06158100     0.00000000     0.00000000
    -0.13753300     0.00000000     0.00000000
     0.00332300     0.00000000     0.00000000
     0.00000000     1.00000000     0.00000000
     0.00374100     0.00000000     0.00000000
    -0.00111700     0.00000000     0.00000000
     0.00024400     0.00000000     0.00000000

     0.00259300     0.00633000     0.00674100     0.01752500     0.04556300
     0.10602500     0.11846100     0.30798700     0.80073800     2.08184700
     5.41261700

    -0.00284000     0.00000000     0.00000000
     0.00000000     0.00000000     1.00000000
     0.00534000     0.00000000     0.00000000
    -0.02593600     0.00000000     0.00000000
    -0.05346600     0.00000000     0.00000000
     0.00000000     1.00000000     0.00000000
    -0.05369100     0.00000000     0.00000000
     0.01443900     0.00000000     0.00000000
     0.00619900     0.00000000     0.00000000
    -0.00102600     0.00000000     0.00000000
     0.00016800     0.00000000     0.00000000

     0.04680000     0.05079000

     0.00000000     1.00000000
     1.00000000     0.00000000

