
P:aug-cc-pvdz-ecp-bfd


  3
    0    1    2
    3    3    2
   11   11    2

     0.04170000     0.07471800     0.07726000     0.16083400     0.34620200
     0.74521500     1.60410900     3.45291700     7.43256100    15.99892400
    34.43840800

     0.00000000     0.00000000     1.00000000
     0.14022500     0.00000000     0.00000000
     0.00000000     1.00000000     0.00000000
     0.50674600     0.00000000     0.00000000
     0.49989300     0.00000000     0.00000000
     0.03730100     0.00000000     0.00000000
    -0.28459100     0.00000000     0.00000000
     0.02476600     0.00000000     0.00000000
     0.00179800     0.00000000     0.00000000
    -0.00031400     0.00000000     0.00000000
     0.00008800     0.00000000     0.00000000

     0.03430000     0.05024200     0.10239100     0.11343300     0.20866900
     0.42525600     0.86665100     1.76619100     3.59941000     7.33541800
    14.94921700

     0.00000000     0.00000000     1.00000000
     0.07209500     0.00000000     0.00000000
     0.27873500     0.00000000     0.00000000
     0.00000000     1.00000000     0.00000000
     0.41103400     0.00000000     0.00000000
     0.30472400     0.00000000     0.00000000
     0.09172700     0.00000000     0.00000000
    -0.05706000     0.00000000     0.00000000
    -0.00510300     0.00000000     0.00000000
     0.00032800     0.00000000     0.00000000
    -0.00004600     0.00000000     0.00000000

     0.11300000     0.39094400

     0.00000000     1.00000000
     1.00000000     0.00000000

