
S:aug-cc-pvdz-ecp-bfd


  3
    0    1    2
    3    3    2
   11   11    2

     0.05070000     0.09512000     0.09845400     0.20238500     0.43061100
     0.91620300     1.94938800     4.14767400     8.82492600    18.77662300
    39.95065600

     0.00000000     0.00000000     1.00000000
     0.14007400     0.00000000     0.00000000
     0.00000000     1.00000000     0.00000000
     0.49094200     0.00000000     0.00000000
     0.51529700     0.00000000     0.00000000
     0.05032000     0.00000000     0.00000000
    -0.29890800     0.00000000     0.00000000
     0.01982700     0.00000000     0.00000000
     0.00726600     0.00000000     0.00000000
    -0.00160200     0.00000000     0.00000000
     0.00027100     0.00000000     0.00000000

     0.03990000     0.05708700     0.11590100     0.12892600     0.23530500
     0.47772300     0.96988900     1.96909900     3.99772600     8.11630700
    16.47797900

     0.00000000     0.00000000     1.00000000
     0.08193800     0.00000000     0.00000000
     0.25182600     0.00000000     0.00000000
     0.00000000     1.00000000     0.00000000
     0.37634400     0.00000000     0.00000000
     0.32090200     0.00000000     0.00000000
     0.14377900     0.00000000     0.00000000
    -0.04554300     0.00000000     0.00000000
    -0.01719100     0.00000000     0.00000000
     0.00258000     0.00000000     0.00000000
    -0.00022200     0.00000000     0.00000000

     0.15200000     0.51413500

     0.00000000     1.00000000
     1.00000000     0.00000000

