
As:cc-pv5z-ecp-bfd


  6
    0    1    2    3    4    5
    5    5    4    3    2    1
   13   13    4    3    2    1

    59.79640200    28.22495600    13.32267700     6.28853900     2.96830100
     1.97961200     1.40109000     0.97126600     0.77804000     0.66133900
     0.31216400     0.18959400     0.14734700

     0.15547300     0.00000000     0.00000000     0.00000000     0.00000000
     0.49461700     0.00000000     0.00000000     0.00000000     0.00000000
     0.52670500     0.00000000     0.00000000     0.00000000     0.00000000
     0.02198600     0.00000000     0.00000000     0.00000000     0.00000000
    -0.33853300     0.00000000     0.00000000     0.00000000     0.00000000
     0.00000000     0.00000000     0.00000000     0.00000000     1.00000000
     0.05602300     0.00000000     0.00000000     0.00000000     0.00000000
     0.00000000     0.00000000     0.00000000     1.00000000     0.00000000
     0.00000000     0.00000000     1.00000000     0.00000000     0.00000000
    -0.00011500     0.00000000     0.00000000     0.00000000     0.00000000
    -0.00059500     0.00000000     0.00000000     0.00000000     0.00000000
     0.00000000     1.00000000     0.00000000     0.00000000     0.00000000
     0.00012700     0.00000000     0.00000000     0.00000000     0.00000000

    31.30406900    15.07578100     7.26037100     3.49653500     1.68390200
     1.43092700     0.83356200     0.81095300     0.39054800     0.35618600
     0.18808500     0.13391600     0.09058000

     0.07910100     0.00000000     0.00000000     0.00000000     0.00000000
     0.26071800     0.00000000     0.00000000     0.00000000     0.00000000
     0.39506500     0.00000000     0.00000000     0.00000000     0.00000000
     0.33495400     0.00000000     0.00000000     0.00000000     0.00000000
     0.10746200     0.00000000     0.00000000     0.00000000     0.00000000
     0.00000000     0.00000000     0.00000000     0.00000000     1.00000000
     0.00000000     0.00000000     0.00000000     1.00000000     0.00000000
    -0.07365700     0.00000000     0.00000000     0.00000000     0.00000000
    -0.00140700     0.00000000     0.00000000     0.00000000     0.00000000
     0.00000000     0.00000000     1.00000000     0.00000000     0.00000000
     0.00171000     0.00000000     0.00000000     0.00000000     0.00000000
     0.00000000     1.00000000     0.00000000     0.00000000     0.00000000
    -0.00027500     0.00000000     0.00000000     0.00000000     0.00000000

     2.11810200     1.18536600     0.69775300     0.26811300

     0.00000000     0.00000000     0.00000000     1.00000000
     0.00000000     0.00000000     1.00000000     0.00000000
     0.00000000     1.00000000     0.00000000     0.00000000
     1.00000000     0.00000000     0.00000000     0.00000000

     2.02061600     0.97377600     0.42246100

     0.00000000     0.00000000     1.00000000
     0.00000000     1.00000000     0.00000000
     1.00000000     0.00000000     0.00000000

     1.69011100     0.69521700

     0.00000000     1.00000000
     1.00000000     0.00000000

     1.25894400

     1.00000000

