
B:cc-pv5z-ecp-bfd


  6
    0    1    2    3    4    5
    5    5    4    3    2    1
   13   13    4    3    2    1

    10.28899000     5.15052000     2.57827600     1.29064800     0.64608000
     0.61410500     0.37572000     0.32341800     0.17089600     0.16189800
     0.08104400     0.07066400     0.04056900

     0.03203100     0.00000000     0.00000000     0.00000000     0.00000000
     0.24331700     0.00000000     0.00000000     0.00000000     0.00000000
     0.43463600     0.00000000     0.00000000     0.00000000     0.00000000
     0.32958100     0.00000000     0.00000000     0.00000000     0.00000000
     0.11187500     0.00000000     0.00000000     0.00000000     0.00000000
     0.00000000     0.00000000     0.00000000     0.00000000     1.00000000
     0.00000000     0.00000000     0.00000000     1.00000000     0.00000000
    -0.07869900     0.00000000     0.00000000     0.00000000     0.00000000
     0.00000000     0.00000000     1.00000000     0.00000000     0.00000000
    -0.09878100     0.00000000     0.00000000     0.00000000     0.00000000
     0.01616400     0.00000000     0.00000000     0.00000000     0.00000000
     0.00000000     1.00000000     0.00000000     0.00000000     0.00000000
    -0.00001600     0.00000000     0.00000000     0.00000000     0.00000000

     7.47070100     3.73574300     1.86806800     0.93413200     0.56661100
     0.46711500     0.43632700     0.23358200     0.14377200     0.11680300
     0.05840800     0.05791700     0.02920700

     0.01990900     0.00000000     0.00000000     0.00000000     0.00000000
     0.14177500     0.00000000     0.00000000     0.00000000     0.00000000
     0.29446300     0.00000000     0.00000000     0.00000000     0.00000000
     0.30902800     0.00000000     0.00000000     0.00000000     0.00000000
     0.00000000     0.00000000     0.00000000     0.00000000     1.00000000
     0.23637800     0.00000000     0.00000000     0.00000000     0.00000000
     0.00000000     0.00000000     0.00000000     1.00000000     0.00000000
     0.13131700     0.00000000     0.00000000     0.00000000     0.00000000
     0.00000000     0.00000000     1.00000000     0.00000000     0.00000000
     0.06645400     0.00000000     0.00000000     0.00000000     0.00000000
     0.02124800     0.00000000     0.00000000     0.00000000     0.00000000
     0.00000000     1.00000000     0.00000000     0.00000000     0.00000000
     0.00283700     0.00000000     0.00000000     0.00000000     0.00000000

     1.02225600     0.80823300     0.38016300     0.13483800

     0.00000000     0.00000000     0.00000000     1.00000000
     0.00000000     0.00000000     1.00000000     0.00000000
     0.00000000     1.00000000     0.00000000     0.00000000
     1.00000000     0.00000000     0.00000000     0.00000000

     1.00217100     0.79917400     0.27271700

     0.00000000     0.00000000     1.00000000
     0.00000000     1.00000000     0.00000000
     1.00000000     0.00000000     0.00000000

     0.82436600     0.48613100

     0.00000000     1.00000000
     1.00000000     0.00000000

     0.63277900

     1.00000000

