
Be:cc-pv5z-ecp-bfd


  6
    0    1    2    3    4    5
    5    5    4    3    2    1
   13   13    4    3    2    1

     0.01277800     0.03006800     0.05400200     0.09698600     0.10880700
     0.17418600     0.21615700     0.31283600     0.56185000     1.00907700
     1.20727900     1.81229000     3.25485200

     0.00000000     1.00000000     0.00000000     0.00000000     0.00000000
     0.02510500     0.00000000     0.00000000     0.00000000     0.00000000
     0.17889000     0.00000000     0.00000000     0.00000000     0.00000000
     0.26393900     0.00000000     0.00000000     0.00000000     0.00000000
     0.00000000     0.00000000     1.00000000     0.00000000     0.00000000
     0.43594600     0.00000000     0.00000000     0.00000000     0.00000000
     0.00000000     0.00000000     0.00000000     1.00000000     0.00000000
    -0.00818800     0.00000000     0.00000000     0.00000000     0.00000000
     0.04950900     0.00000000     0.00000000     0.00000000     0.00000000
    -0.11457600     0.00000000     0.00000000     0.00000000     0.00000000
     0.00000000     0.00000000     0.00000000     0.00000000     1.00000000
    -0.06720700     0.00000000     0.00000000     0.00000000     0.00000000
     0.01725000     0.00000000     0.00000000     0.00000000     0.00000000

     0.01506400     0.02858400     0.05423600     0.07256100     0.10291100
     0.18447100     0.19526900     0.37051300     0.50171500     0.70303000
     1.33396700     2.12867200     2.53113900

     0.73505200     0.00000000     0.00000000     0.00000000     0.00000000
    -0.47621400     0.00000000     0.00000000     0.00000000     0.00000000
     0.56480600     0.00000000     0.00000000     0.00000000     0.00000000
     0.00000000     1.00000000     0.00000000     0.00000000     0.00000000
    -0.10857500     0.00000000     0.00000000     0.00000000     0.00000000
     0.00000000     0.00000000     0.00000000     1.00000000     0.00000000
     0.23386200     0.00000000     0.00000000     0.00000000     0.00000000
    -0.00900300     0.00000000     0.00000000     0.00000000     0.00000000
     0.00000000     0.00000000     1.00000000     0.00000000     0.00000000
     0.06751000     0.00000000     0.00000000     0.00000000     0.00000000
    -0.00286800     0.00000000     0.00000000     0.00000000     0.00000000
     0.00000000     0.00000000     0.00000000     0.00000000     1.00000000
     0.01786900     0.00000000     0.00000000     0.00000000     0.00000000

     0.09017500     0.23849400     0.74365300     0.93300100

     1.00000000     0.00000000     0.00000000     0.00000000
     0.00000000     0.00000000     1.00000000     0.00000000
     0.00000000     1.00000000     0.00000000     0.00000000
     0.00000000     0.00000000     0.00000000     1.00000000

     0.12914000     0.29915000     0.73902300

     1.00000000     0.00000000     0.00000000
     0.00000000     1.00000000     0.00000000
     0.00000000     0.00000000     1.00000000

     0.31608000     0.86344200

     1.00000000     0.00000000
     0.00000000     1.00000000

     0.40908000

     1.00000000

