
C:cc-pv5z-ecp-bfd


  6
    0    1    2    3    4    5
    5    5    4    3    2    1
   13   13    4    3    2    1

     0.05134400     0.09830200     0.10261900     0.20510000     0.23203400
     0.40992400     0.74444800     0.81929700     1.00991400     1.63749400
     3.27279100     6.54118700    13.07359400

     0.01399100     0.00000000     0.00000000     0.00000000     0.00000000
     0.00000000     1.00000000     0.00000000     0.00000000     0.00000000
     0.16985200     0.00000000     0.00000000     0.00000000     0.00000000
     0.39752900     0.00000000     0.00000000     0.00000000     0.00000000
     0.00000000     0.00000000     1.00000000     0.00000000     0.00000000
     0.38036900     0.00000000     0.00000000     0.00000000     0.00000000
     0.00000000     0.00000000     0.00000000     1.00000000     0.00000000
     0.18011300     0.00000000     0.00000000     0.00000000     0.00000000
     0.00000000     0.00000000     0.00000000     0.00000000     1.00000000
    -0.03351200     0.00000000     0.00000000     0.00000000     0.00000000
    -0.12149900     0.00000000     0.00000000     0.00000000     0.00000000
     0.01517600     0.00000000     0.00000000     0.00000000     0.00000000
    -0.00070500     0.00000000     0.00000000     0.00000000     0.00000000

     0.02928100     0.05854700     0.08404700     0.11706300     0.21661800
     0.23406400     0.46800300     0.57686900     0.93575700     1.00625200
     1.87101600     3.74103500     7.48007600

     0.00178700     0.00000000     0.00000000     0.00000000     0.00000000
     0.05042600     0.00000000     0.00000000     0.00000000     0.00000000
     0.00000000     1.00000000     0.00000000     0.00000000     0.00000000
     0.19163400     0.00000000     0.00000000     0.00000000     0.00000000
     0.00000000     0.00000000     1.00000000     0.00000000     0.00000000
     0.30266700     0.00000000     0.00000000     0.00000000     0.00000000
     0.28986800     0.00000000     0.00000000     0.00000000     0.00000000
     0.00000000     0.00000000     0.00000000     1.00000000     0.00000000
     0.21097900     0.00000000     0.00000000     0.00000000     0.00000000
     0.00000000     0.00000000     0.00000000     0.00000000     1.00000000
     0.11202400     0.00000000     0.00000000     0.00000000     0.00000000
     0.05442500     0.00000000     0.00000000     0.00000000     0.00000000
     0.02193100     0.00000000     0.00000000     0.00000000     0.00000000

     0.20661900     0.60693300     1.00152600     1.50488200

     1.00000000     0.00000000     0.00000000     0.00000000
     0.00000000     1.00000000     0.00000000     0.00000000
     0.00000000     0.00000000     1.00000000     0.00000000
     0.00000000     0.00000000     0.00000000     1.00000000

     0.40057300     1.09956400     1.50109100

     1.00000000     0.00000000     0.00000000
     0.00000000     1.00000000     0.00000000
     0.00000000     0.00000000     1.00000000

     0.79764800     1.40134300

     1.00000000     0.00000000
     0.00000000     1.00000000

     1.00170300

     1.00000000

