
Cl:cc-pv5z-ecp-bfd


  6
    0    1    2    3    4    5
    5    5    4    3    2    1
   13   13    4    3    2    1

    53.86622600    25.10581200    11.70124300     5.45368100     2.54183600
     1.67138000     1.18469100     0.80143800     0.63911000     0.55215700
     0.25734800     0.15204900     0.11994400

     0.14891700     0.00000000     0.00000000     0.00000000     0.00000000
     0.50361600     0.00000000     0.00000000     0.00000000     0.00000000
     0.52399500     0.00000000     0.00000000     0.00000000     0.00000000
     0.01361200     0.00000000     0.00000000     0.00000000     0.00000000
    -0.32884600     0.00000000     0.00000000     0.00000000     0.00000000
     0.00000000     0.00000000     0.00000000     0.00000000     1.00000000
     0.05630900     0.00000000     0.00000000     0.00000000     0.00000000
     0.00000000     0.00000000     0.00000000     1.00000000     0.00000000
     0.00000000     0.00000000     1.00000000     0.00000000     0.00000000
    -0.00130100     0.00000000     0.00000000     0.00000000     0.00000000
    -0.00029400     0.00000000     0.00000000     0.00000000     0.00000000
     0.00000000     1.00000000     0.00000000     0.00000000     0.00000000
     0.00007600     0.00000000     0.00000000     0.00000000     0.00000000

    26.58116500    12.74765100     6.11345000     2.93185500     1.40604300
     1.17161400     0.67430300     0.66743600     0.32337800     0.27558200
     0.15508400     0.10392600     0.07437400

     0.08492500     0.00000000     0.00000000     0.00000000     0.00000000
     0.27065800     0.00000000     0.00000000     0.00000000     0.00000000
     0.39602200     0.00000000     0.00000000     0.00000000     0.00000000
     0.32432500     0.00000000     0.00000000     0.00000000     0.00000000
     0.10066100     0.00000000     0.00000000     0.00000000     0.00000000
     0.00000000     0.00000000     0.00000000     0.00000000     1.00000000
    -0.06980200     0.00000000     0.00000000     0.00000000     0.00000000
     0.00000000     0.00000000     0.00000000     1.00000000     0.00000000
    -0.00095100     0.00000000     0.00000000     0.00000000     0.00000000
     0.00000000     0.00000000     1.00000000     0.00000000     0.00000000
     0.00150100     0.00000000     0.00000000     0.00000000     0.00000000
     0.00000000     1.00000000     0.00000000     0.00000000     0.00000000
    -0.00024900     0.00000000     0.00000000     0.00000000     0.00000000

     1.52218200     0.92404900     0.72951700     0.23741900

     0.00000000     0.00000000     0.00000000     1.00000000
     0.00000000     0.00000000     1.00000000     0.00000000
     0.00000000     1.00000000     0.00000000     0.00000000
     1.00000000     0.00000000     0.00000000     0.00000000

     1.60997500     0.78911600     0.33512300

     0.00000000     0.00000000     1.00000000
     0.00000000     1.00000000     0.00000000
     1.00000000     0.00000000     0.00000000

     1.40297100     0.57613300

     0.00000000     1.00000000
     1.00000000     0.00000000

     1.09960900

     1.00000000

