
F:cc-pv5z-ecp-bfd


  6
    0    1    2    3    4    5
    5    5    4    3    2    1
   13   13    4    3    2    1

    68.50243300    32.42734800    15.35030000     7.26645100     3.43975700
     2.54242800     1.62829500     1.25026500     0.77079500     0.45969700
     0.36487500     0.19114600     0.17272300

     0.07024000     0.00000000     0.00000000     0.00000000     0.00000000
     0.31108800     0.00000000     0.00000000     0.00000000     0.00000000
     0.44467500     0.00000000     0.00000000     0.00000000     0.00000000
     0.28701100     0.00000000     0.00000000     0.00000000     0.00000000
     0.01875900     0.00000000     0.00000000     0.00000000     0.00000000
     0.00000000     0.00000000     0.00000000     0.00000000     1.00000000
    -0.12860800     0.00000000     0.00000000     0.00000000     0.00000000
     0.00000000     0.00000000     0.00000000     1.00000000     0.00000000
     0.00910400     0.00000000     0.00000000     0.00000000     0.00000000
     0.00000000     0.00000000     1.00000000     0.00000000     0.00000000
     0.00081000     0.00000000     0.00000000     0.00000000     0.00000000
     0.00000000     1.00000000     0.00000000     0.00000000     0.00000000
    -0.00013300     0.00000000     0.00000000     0.00000000     0.00000000

    28.43079900    14.04773700     6.94102600     3.42958000     2.01869800
     1.69456500     1.50508500     0.83728900     0.48901900     0.41370700
     0.20441400     0.17057400     0.10100100

     0.03532100     0.00000000     0.00000000     0.00000000     0.00000000
     0.13692400     0.00000000     0.00000000     0.00000000     0.00000000
     0.24935300     0.00000000     0.00000000     0.00000000     0.00000000
     0.28662000     0.00000000     0.00000000     0.00000000     0.00000000
     0.00000000     0.00000000     0.00000000     0.00000000     1.00000000
     0.25454100     0.00000000     0.00000000     0.00000000     0.00000000
     0.00000000     0.00000000     0.00000000     1.00000000     0.00000000
     0.16957200     0.00000000     0.00000000     0.00000000     0.00000000
     0.00000000     0.00000000     1.00000000     0.00000000     0.00000000
     0.08854200     0.00000000     0.00000000     0.00000000     0.00000000
     0.03984300     0.00000000     0.00000000     0.00000000     0.00000000
     0.00000000     1.00000000     0.00000000     0.00000000     0.00000000
     0.00337800     0.00000000     0.00000000     0.00000000     0.00000000

     5.60358100     3.90189700     1.52330600     0.51771100

     0.00000000     0.00000000     0.00000000     1.00000000
     0.00000000     0.00000000     1.00000000     0.00000000
     0.00000000     1.00000000     0.00000000     0.00000000
     1.00000000     0.00000000     0.00000000     0.00000000

     4.29788900     2.95032100     0.98149400

     0.00000000     0.00000000     1.00000000
     0.00000000     1.00000000     0.00000000
     1.00000000     0.00000000     0.00000000

     4.61995300     1.63893300

     0.00000000     1.00000000
     1.00000000     0.00000000

     2.96312700

     1.00000000

