
H:cc-pv5z-ecp-bfd


  5
    0    1    2    3    4
    5    4    3    2    1
   13   12    3    2    1

    10.18038500     4.42625400     1.92445800     1.37983800     0.83672100
     0.71504700     0.40289200     0.36379200     0.15817000     0.12234400
     0.06877000     0.02990000     0.01300000

     0.00070600     0.00000000     0.00000000     0.00000000     0.00000000
    -0.00211900     0.00000000     0.00000000     0.00000000     0.00000000
     0.05769300     0.00000000     0.00000000     0.00000000     0.00000000
     0.00000000     0.00000000     0.00000000     0.00000000     1.00000000
     0.23069500     0.00000000     0.00000000     0.00000000     0.00000000
     0.00000000     0.00000000     0.00000000     1.00000000     0.00000000
     0.00000000     0.00000000     1.00000000     0.00000000     0.00000000
     0.27761200     0.00000000     0.00000000     0.00000000     0.00000000
     0.16983300     0.00000000     0.00000000     0.00000000     0.00000000
     0.00000000     1.00000000     0.00000000     0.00000000     0.00000000
     0.09744300     0.00000000     0.00000000     0.00000000     0.00000000
     0.02996600     0.00000000     0.00000000     0.00000000     0.00000000
    -0.00045200     0.00000000     0.00000000     0.00000000     0.00000000

     6.26499100     2.40961200     0.92677400     0.78476500     0.51366500
     0.35645100     0.17360600     0.13709700     0.05273000     0.02028100
     0.00780000     0.00300000

     0.00124200     0.00000000     0.00000000     0.00000000
    -0.00091300     0.00000000     0.00000000     0.00000000
    -0.00005400     0.00000000     0.00000000     0.00000000
     0.00000000     1.00000000     0.00000000     0.00000000
     0.00000000     0.00000000     0.00000000     1.00000000
    -0.00023800     0.00000000     0.00000000     0.00000000
     0.00000000     0.00000000     1.00000000     0.00000000
    -0.01153000     0.00000000     0.00000000     0.00000000
    -0.01823500     0.00000000     0.00000000     0.00000000
    -0.01392900     0.00000000     0.00000000     0.00000000
    -0.00939500     0.00000000     0.00000000     0.00000000
    -0.00034700     0.00000000     0.00000000     0.00000000

     2.91738800     1.13217100     0.46637900

     1.00000000     0.00000000     0.00000000
     0.00000000     0.00000000     1.00000000
     0.00000000     1.00000000     0.00000000

     1.64960800     0.79318500

     1.00000000     0.00000000
     0.00000000     1.00000000

     1.60681300

     1.00000000

