
He:cc-pv5z-ecp-bfd


  5
    0    1    2    3    4
    5    4    3    2    1
   13   11    3    2    1

     0.07778600     0.11650600     0.16152800     0.29407500     0.33542500
     0.69653500     0.87697600     1.32431200     1.44640800     3.00357600
     6.23715400    12.95192600    26.89566200

     0.01242500     0.00000000     0.00000000     0.00000000     0.00000000
     0.00000000     0.00000000     0.00000000     0.00000000     1.00000000
     0.12825100     0.00000000     0.00000000     0.00000000     0.00000000
     0.00000000     0.00000000     0.00000000     1.00000000     0.00000000
     0.28222100     0.00000000     0.00000000     0.00000000     0.00000000
     0.29242700     0.00000000     0.00000000     0.00000000     0.00000000
     0.00000000     0.00000000     1.00000000     0.00000000     0.00000000
     0.00000000     1.00000000     0.00000000     0.00000000     0.00000000
     0.21502500     0.00000000     0.00000000     0.00000000     0.00000000
     0.12545000     0.00000000     0.00000000     0.00000000     0.00000000
     0.06491200     0.00000000     0.00000000     0.00000000     0.00000000
     0.03889200     0.00000000     0.00000000     0.00000000     0.00000000
     0.00253100     0.00000000     0.00000000     0.00000000     0.00000000

     0.22852800     0.42201900     0.77933300     0.89385000     1.43918000
     2.64734000     2.65770600     4.90793400     6.74100900     9.06338600
    16.73718000

    -0.00011600     0.00000000     0.00000000     0.00000000
     2.11695000     0.00000000     0.00000000     0.00000000
    -2.18295400     0.00000000     0.00000000     0.00000000
     0.00000000     0.00000000     0.00000000     1.00000000
     1.54585000     0.00000000     0.00000000     0.00000000
     0.00000000     0.00000000     1.00000000     0.00000000
    -0.87947700     0.00000000     0.00000000     0.00000000
     0.46971000     0.00000000     0.00000000     0.00000000
     0.00000000     1.00000000     0.00000000     0.00000000
    -0.22463100     0.00000000     0.00000000     0.00000000
     0.09842200     0.00000000     0.00000000     0.00000000

     1.84227800     2.17520800     4.28551500

     1.00000000     0.00000000     0.00000000
     0.00000000     1.00000000     0.00000000
     0.00000000     0.00000000     1.00000000

     0.74973400     1.63207400

     1.00000000     0.00000000
     0.00000000     1.00000000

     0.62366900

     1.00000000

