
Li:cc-pv5z-ecp-bfd


  5
    0    1    2    3    4
    5    5    4    3    2
   13   13    4    3    2

     0.01012500     0.02343700     0.02501000     0.05425100     0.10491700
     0.12558100     0.29069700     0.67068100     0.67290900     1.00488100
     1.55765900     3.60568900     8.34649400

     0.00784100     0.00000000     0.00000000     0.00000000     0.00000000
     0.25811800     0.00000000     0.00000000     0.00000000     0.00000000
     0.00000000     1.00000000     0.00000000     0.00000000     0.00000000
     0.42330700     0.00000000     0.00000000     0.00000000     0.00000000
     0.00000000     0.00000000     1.00000000     0.00000000     0.00000000
     0.16782500     0.00000000     0.00000000     0.00000000     0.00000000
    -0.06833200     0.00000000     0.00000000     0.00000000     0.00000000
     0.00000000     0.00000000     0.00000000     1.00000000     0.00000000
    -0.11926900     0.00000000     0.00000000     0.00000000     0.00000000
     0.00000000     0.00000000     0.00000000     0.00000000     1.00000000
     0.00773600     0.00000000     0.00000000     0.00000000     0.00000000
     0.00363000     0.00000000     0.00000000     0.00000000     0.00000000
    -0.00064600     0.00000000     0.00000000     0.00000000     0.00000000

     0.01830000     0.03169900     0.05490800     0.08104100     0.09511100
     0.13847000     0.16475100     0.28537900     0.40435500     0.49433000
     0.80618400     0.85627300     1.48322500

    -0.00590600     0.00000000     0.00000000     0.00000000     0.00000000
    -0.03142200     0.00000000     0.00000000     0.00000000     0.00000000
    -0.04362800     0.00000000     0.00000000     0.00000000     0.00000000
     0.00000000     1.00000000     0.00000000     0.00000000     0.00000000
    -0.01678100     0.00000000     0.00000000     0.00000000     0.00000000
     0.00000000     0.00000000     1.00000000     0.00000000     0.00000000
    -0.07859400     0.00000000     0.00000000     0.00000000     0.00000000
     0.01556200     0.00000000     0.00000000     0.00000000     0.00000000
     0.00000000     0.00000000     0.00000000     1.00000000     0.00000000
    -0.03083000     0.00000000     0.00000000     0.00000000     0.00000000
     0.00000000     0.00000000     0.00000000     0.00000000     1.00000000
     0.00618500     0.00000000     0.00000000     0.00000000     0.00000000
    -0.00862100     0.00000000     0.00000000     0.00000000     0.00000000

     0.06557400     0.16178400     0.83575800     0.98635000

     1.00000000     0.00000000     0.00000000     0.00000000
     0.00000000     0.00000000     1.00000000     0.00000000
     0.00000000     1.00000000     0.00000000     0.00000000
     0.00000000     0.00000000     0.00000000     1.00000000

     0.15298800     0.42069800     0.85674800

     1.00000000     0.00000000     0.00000000
     0.00000000     1.00000000     0.00000000
     0.00000000     0.00000000     1.00000000

     0.25447900     0.45749600

     1.00000000     0.00000000
     0.00000000     1.00000000

