
N:cc-pv5z-ecp-bfd


  6
    0    1    2    3    4    5
    5    5    4    3    2    1
   13   13    4    3    2    1

     0.09886900     0.11532000     0.21144300     0.28663200     0.45219700
     0.70201100     0.96708000     1.53222100     2.06822100     4.42315000
     9.45946200    20.23024600    43.26491900

     0.06726600     0.00000000     0.00000000     0.00000000     0.00000000
     0.00000000     1.00000000     0.00000000     0.00000000     0.00000000
     0.33429000     0.00000000     0.00000000     0.00000000     0.00000000
     0.00000000     0.00000000     1.00000000     0.00000000     0.00000000
     0.45425700     0.00000000     0.00000000     0.00000000     0.00000000
     0.00000000     0.00000000     0.00000000     1.00000000     0.00000000
     0.26786100     0.00000000     0.00000000     0.00000000     0.00000000
     0.00000000     0.00000000     0.00000000     0.00000000     1.00000000
     0.00024800     0.00000000     0.00000000     0.00000000     0.00000000
    -0.13260600     0.00000000     0.00000000     0.00000000     0.00000000
     0.01443700     0.00000000     0.00000000     0.00000000     0.00000000
     0.00035900     0.00000000     0.00000000     0.00000000     0.00000000
    -0.00009400     0.00000000     0.00000000     0.00000000     0.00000000

     0.07323400     0.12060100     0.14586700     0.29053500     0.32269700
     0.57868300     0.97853800     1.15261200     1.27275900     2.29575600
     4.57265200     9.10773900    18.14065700

     0.03575800     0.00000000     0.00000000     0.00000000     0.00000000
     0.00000000     1.00000000     0.00000000     0.00000000     0.00000000
     0.15394500     0.00000000     0.00000000     0.00000000     0.00000000
     0.27765600     0.00000000     0.00000000     0.00000000     0.00000000
     0.00000000     0.00000000     1.00000000     0.00000000     0.00000000
     0.29767600     0.00000000     0.00000000     0.00000000     0.00000000
     0.00000000     0.00000000     0.00000000     1.00000000     0.00000000
     0.23440300     0.00000000     0.00000000     0.00000000     0.00000000
     0.00000000     0.00000000     0.00000000     0.00000000     1.00000000
     0.14032100     0.00000000     0.00000000     0.00000000     0.00000000
     0.06721900     0.00000000     0.00000000     0.00000000     0.00000000
     0.03159400     0.00000000     0.00000000     0.00000000     0.00000000
     0.00330100     0.00000000     0.00000000     0.00000000     0.00000000

     0.30557900     0.89143600     1.54253200     2.79812200

     1.00000000     0.00000000     0.00000000     0.00000000
     0.00000000     1.00000000     0.00000000     0.00000000
     0.00000000     0.00000000     1.00000000     0.00000000
     0.00000000     0.00000000     0.00000000     1.00000000

     0.58767600     1.59296700     2.44304500

     1.00000000     0.00000000     0.00000000
     0.00000000     1.00000000     0.00000000
     0.00000000     0.00000000     1.00000000

     1.03863700     2.84201800

     1.00000000     0.00000000
     0.00000000     1.00000000

     2.27254200

     1.00000000

