
Na:cc-pv5z-ecp-bfd


  5
    0    1    2    3    4
    5    5    4    3    2
   13   13    4    3    2

    10.22681600     4.44653300     1.93331500     1.09717800     0.84805800
     0.84058900     0.41420700     0.36548100     0.15890800     0.06909200
     0.06399900     0.03004100     0.01306100

     0.20011800     0.00000000     0.00000000     0.00000000     0.00000000
     0.46765200     0.00000000     0.00000000     0.00000000     0.00000000
     0.22773800     0.00000000     0.00000000     0.00000000     0.00000000
     0.00000000     0.00000000     0.00000000     0.00000000     1.00000000
     0.00000000     0.00000000     0.00000000     1.00000000     0.00000000
    -0.06158100     0.00000000     0.00000000     0.00000000     0.00000000
     0.00000000     0.00000000     1.00000000     0.00000000     0.00000000
    -0.13753300     0.00000000     0.00000000     0.00000000     0.00000000
     0.00332300     0.00000000     0.00000000     0.00000000     0.00000000
     0.00374100     0.00000000     0.00000000     0.00000000     0.00000000
     0.00000000     1.00000000     0.00000000     0.00000000     0.00000000
    -0.00111700     0.00000000     0.00000000     0.00000000     0.00000000
     0.00024400     0.00000000     0.00000000     0.00000000     0.00000000

     5.41261700     2.08184700     0.84582600     0.80073800     0.40437900
     0.30798700     0.11846100     0.09864300     0.06202700     0.04556300
     0.01752500     0.00674100     0.00259300

    -0.00284000     0.00000000     0.00000000     0.00000000     0.00000000
     0.00534000     0.00000000     0.00000000     0.00000000     0.00000000
     0.00000000     0.00000000     0.00000000     0.00000000     1.00000000
    -0.02593600     0.00000000     0.00000000     0.00000000     0.00000000
     0.00000000     0.00000000     0.00000000     1.00000000     0.00000000
    -0.05346600     0.00000000     0.00000000     0.00000000     0.00000000
    -0.05369100     0.00000000     0.00000000     0.00000000     0.00000000
     0.00000000     0.00000000     1.00000000     0.00000000     0.00000000
     0.00000000     1.00000000     0.00000000     0.00000000     0.00000000
     0.01443900     0.00000000     0.00000000     0.00000000     0.00000000
     0.00619900     0.00000000     0.00000000     0.00000000     0.00000000
    -0.00102600     0.00000000     0.00000000     0.00000000     0.00000000
     0.00016800     0.00000000     0.00000000     0.00000000     0.00000000

     0.97969400     0.82457700     0.13167400     0.05812500

     0.00000000     0.00000000     0.00000000     1.00000000
     0.00000000     1.00000000     0.00000000     0.00000000
     0.00000000     0.00000000     1.00000000     0.00000000
     1.00000000     0.00000000     0.00000000     0.00000000

     0.84846000     0.42947100     0.11279300

     0.00000000     0.00000000     1.00000000
     0.00000000     1.00000000     0.00000000
     1.00000000     0.00000000     0.00000000

     0.46770200     0.28568000

     0.00000000     1.00000000
     1.00000000     0.00000000

