
Si:cc-pv5z-ecp-bfd


  6
    0    1    2    3    4    5
    5    5    4    3    2    1
   13   13    4    3    2    1

    29.72438700    13.68170700     6.29749300     2.89864500     1.33420500
     0.92048600     0.61411500     0.42403600     0.28266800     0.19645900
     0.13010800     0.07550000     0.05988700

     0.16749200     0.00000000     0.00000000     0.00000000     0.00000000
     0.53255000     0.00000000     0.00000000     0.00000000     0.00000000
     0.46429000     0.00000000     0.00000000     0.00000000     0.00000000
    -0.00232200     0.00000000     0.00000000     0.00000000     0.00000000
    -0.26823400     0.00000000     0.00000000     0.00000000     0.00000000
     0.00000000     0.00000000     0.00000000     0.00000000     1.00000000
     0.03192100     0.00000000     0.00000000     0.00000000     0.00000000
     0.00000000     0.00000000     0.00000000     1.00000000     0.00000000
    -0.00010600     0.00000000     0.00000000     0.00000000     0.00000000
     0.00000000     0.00000000     1.00000000     0.00000000     0.00000000
    -0.00014500     0.00000000     0.00000000     0.00000000     0.00000000
     0.00000000     1.00000000     0.00000000     0.00000000     0.00000000
     0.00006700     0.00000000     0.00000000     0.00000000     0.00000000

    13.02209700     6.24696600     2.99679700     1.43762500     0.68965800
     0.49691800     0.33084300     0.23859400     0.15871200     0.11581300
     0.07613700     0.04813600     0.03652500

     0.07876100     0.00000000     0.00000000     0.00000000     0.00000000
     0.30833100     0.00000000     0.00000000     0.00000000     0.00000000
     0.41777300     0.00000000     0.00000000     0.00000000     0.00000000
     0.28167600     0.00000000     0.00000000     0.00000000     0.00000000
     0.06987600     0.00000000     0.00000000     0.00000000     0.00000000
     0.00000000     0.00000000     0.00000000     0.00000000     1.00000000
    -0.05630600     0.00000000     0.00000000     0.00000000     0.00000000
     0.00000000     0.00000000     0.00000000     1.00000000     0.00000000
     0.00074400     0.00000000     0.00000000     0.00000000     0.00000000
     0.00000000     0.00000000     1.00000000     0.00000000     0.00000000
    -0.00025900     0.00000000     0.00000000     0.00000000     0.00000000
     0.00000000     1.00000000     0.00000000     0.00000000     0.00000000
    -0.00002200     0.00000000     0.00000000     0.00000000     0.00000000

     1.24769500     0.80542600     0.35309600     0.12794500

     0.00000000     0.00000000     0.00000000     1.00000000
     0.00000000     0.00000000     1.00000000     0.00000000
     0.00000000     1.00000000     0.00000000     0.00000000
     1.00000000     0.00000000     0.00000000     0.00000000

     0.83308100     0.40220800     0.17287600

     0.00000000     0.00000000     1.00000000
     0.00000000     1.00000000     0.00000000
     1.00000000     0.00000000     0.00000000

     0.64705400     0.29988500

     0.00000000     1.00000000
     1.00000000     0.00000000

     0.55754200

     1.00000000

