! aug-cc-pv5z-ecp-bfd
! s functions
H  14   6
        0.0957000000        0.0000000000        0.0000000000        0.0000000000
                            0.0000000000        0.0000000000        1.0000000000
        0.2058350000        0.0575140000        0.0000000000        0.0000000000
                            0.0000000000        0.0000000000        0.0000000000
        0.3186780000        0.0000000000        1.0000000000        0.0000000000
                            0.0000000000        0.0000000000        0.0000000000
        0.3913840000        0.2157760000        0.0000000000        0.0000000000
                            0.0000000000        0.0000000000        0.0000000000
        0.7441960000        0.3747990000        0.0000000000        0.0000000000
                            0.0000000000        0.0000000000        0.0000000000
        0.8301780000        0.0000000000        0.0000000000        1.0000000000
                            0.0000000000        0.0000000000        0.0000000000
        1.4150480000        0.3263130000        0.0000000000        0.0000000000
                            0.0000000000        0.0000000000        0.0000000000
        1.5919040000        0.0000000000        0.0000000000        0.0000000000
                            1.0000000000        0.0000000000        0.0000000000
        2.6906380000        0.1663830000        0.0000000000        0.0000000000
                            0.0000000000        0.0000000000        0.0000000000
        2.7449990000        0.0000000000        0.0000000000        0.0000000000
                            0.0000000000        1.0000000000        0.0000000000
        5.1161030000       -0.0391490000        0.0000000000        0.0000000000
                            0.0000000000        0.0000000000        0.0000000000
        9.7279940000       -0.0859090000        0.0000000000        0.0000000000
                            0.0000000000        0.0000000000        0.0000000000
       18.4972560000        0.0068160000        0.0000000000        0.0000000000
                            0.0000000000        0.0000000000        0.0000000000
       35.1715340000        0.0002060000        0.0000000000        0.0000000000
                            0.0000000000        0.0000000000        0.0000000000
! p functions
H  14   6
        0.0654000000        0.0000000000        0.0000000000        0.0000000000
                            0.0000000000        0.0000000000        1.0000000000
        0.1217720000        0.0299430000        0.0000000000        0.0000000000
                            0.0000000000        0.0000000000        0.0000000000
        0.2182260000        0.0000000000        1.0000000000        0.0000000000
                            0.0000000000        0.0000000000        0.0000000000
        0.2382480000        0.1142000000        0.0000000000        0.0000000000
                            0.0000000000        0.0000000000        0.0000000000
        0.4661360000        0.2196180000        0.0000000000        0.0000000000
                            0.0000000000        0.0000000000        0.0000000000
        0.6369210000        0.0000000000        0.0000000000        1.0000000000
                            0.0000000000        0.0000000000        0.0000000000
        0.9120020000        0.2688640000        0.0000000000        0.0000000000
                            0.0000000000        0.0000000000        0.0000000000
        1.7843440000        0.2569320000        0.0000000000        0.0000000000
                            0.0000000000        0.0000000000        0.0000000000
        1.8881910000        0.0000000000        0.0000000000        0.0000000000
                            1.0000000000        0.0000000000        0.0000000000
        3.0201080000        0.0000000000        0.0000000000        0.0000000000
                            0.0000000000        1.0000000000        0.0000000000
        3.4910950000        0.1913780000        0.0000000000        0.0000000000
                            0.0000000000        0.0000000000        0.0000000000
        6.8303780000        0.1121760000        0.0000000000        0.0000000000
                            0.0000000000        0.0000000000        0.0000000000
       13.3637320000        0.0633170000        0.0000000000        0.0000000000
                            0.0000000000        0.0000000000        0.0000000000
       26.1463320000        0.0080570000        0.0000000000        0.0000000000
                            0.0000000000        0.0000000000        0.0000000000
! d functions
H   5   5
        0.2130000000        0.0000000000        0.0000000000        0.0000000000
                            0.0000000000        1.0000000000
        0.6549240000        1.0000000000        0.0000000000        0.0000000000
                            0.0000000000        0.0000000000
        1.9315020000        0.0000000000        1.0000000000        0.0000000000
                            0.0000000000        0.0000000000
        5.0275660000        0.0000000000        0.0000000000        1.0000000000
                            0.0000000000        0.0000000000
        6.9897000000        0.0000000000        0.0000000000        0.0000000000
                            1.0000000000        0.0000000000
! f functions
H   4   4
        0.4250000000        0.0000000000        0.0000000000        0.0000000000
                            1.0000000000
        1.3142970000        1.0000000000        0.0000000000        0.0000000000
                            0.0000000000
        4.0659280000        0.0000000000        1.0000000000        0.0000000000
                            0.0000000000
        5.5874870000        0.0000000000        0.0000000000        1.0000000000
                            0.0000000000
! g functions
H   3   3
        0.8090000000        0.0000000000        0.0000000000        1.0000000000
        2.0709250000        1.0000000000        0.0000000000        0.0000000000
        6.0731070000        0.0000000000        1.0000000000        0.0000000000
! h functions
H   2   2
        1.6280000000        0.0000000000        1.0000000000
        3.7431180000        1.0000000000        0.0000000000
