! cc-pvqz-ecp-bfd
! s functions
H  12   4
       25.3175970000        0.2061930000        0.0000000000        0.0000000000
                            0.0000000000
       11.4886060000        0.5598870000        0.0000000000        0.0000000000
                            0.0000000000
        5.2132940000        0.4078520000        0.0000000000        0.0000000000
                            0.0000000000
        2.3656860000       -0.0410980000        0.0000000000        0.0000000000
                            0.0000000000
        1.0735000000       -0.2386520000        0.0000000000        0.0000000000
                            0.0000000000
        0.4871320000        0.0381320000        0.0000000000        0.0000000000
                            0.0000000000
        0.3241930000        0.0000000000        0.0000000000        0.0000000000
                            1.0000000000
        0.2210510000       -0.0039350000        0.0000000000        0.0000000000
                            0.0000000000
        0.1502150000        0.0000000000        0.0000000000        1.0000000000
                            0.0000000000
        0.1003080000        0.0004700000        0.0000000000        0.0000000000
                            0.0000000000
        0.0586880000        0.0000000000        1.0000000000        0.0000000000
                            0.0000000000
        0.0455180000       -0.0000140000        0.0000000000        0.0000000000
                            0.0000000000
! p functions
H  12   4
        5.3153300000        0.0099320000        0.0000000000        0.0000000000
                            0.0000000000
        2.5485780000        0.1602120000        0.0000000000        0.0000000000
                            0.0000000000
        1.2219850000        0.3891710000        0.0000000000        0.0000000000
                            0.0000000000
        0.5859130000        0.3732350000        0.0000000000        0.0000000000
                            0.0000000000
        0.4039290000        0.0000000000        0.0000000000        1.0000000000
                            0.0000000000
        0.2809320000        0.1958000000        0.0000000000        0.0000000000
                            0.0000000000
        0.1347000000        0.0229470000        0.0000000000        0.0000000000
                            0.0000000000
        0.0841170000        0.0000000000        0.0000000000        0.0000000000
                            1.0000000000
        0.0645860000       -0.0532930000        0.0000000000        0.0000000000
                            0.0000000000
        0.0348660000        0.0000000000        1.0000000000        0.0000000000
                            0.0000000000
        0.0309670000        0.0048460000        0.0000000000        0.0000000000
                            0.0000000000
        0.0148480000       -0.0007260000        0.0000000000        0.0000000000
                            0.0000000000
! d functions
H   3   3
        0.7263180000        0.0000000000        0.0000000000        1.0000000000
        0.2452120000        0.0000000000        1.0000000000        0.0000000000
        0.0923920000        1.0000000000        0.0000000000        0.0000000000
! f functions
H   2   2
        0.4092850000        0.0000000000        1.0000000000
        0.1609090000        1.0000000000        0.0000000000
! g functions
H   1   1
        0.3520270000        1.0000000000
