! cc-pvqz-ecp-bfd
! s functions
H  12   4
        0.0405690000        0.0320310000        0.0000000000        0.0000000000
                            0.0000000000
        0.0810440000        0.2433170000        0.0000000000        0.0000000000
                            0.0000000000
        0.0829680000        0.0000000000        1.0000000000        0.0000000000
                            0.0000000000
        0.1618980000        0.4346360000        0.0000000000        0.0000000000
                            0.0000000000
        0.3051330000        0.0000000000        0.0000000000        1.0000000000
                            0.0000000000
        0.3234180000        0.3295810000        0.0000000000        0.0000000000
                            0.0000000000
        0.4222170000        0.0000000000        0.0000000000        0.0000000000
                            1.0000000000
        0.6460800000        0.1118750000        0.0000000000        0.0000000000
                            0.0000000000
        1.2906480000       -0.0786990000        0.0000000000        0.0000000000
                            0.0000000000
        2.5782760000       -0.0987810000        0.0000000000        0.0000000000
                            0.0000000000
        5.1505200000        0.0161640000        0.0000000000        0.0000000000
                            0.0000000000
       10.2889900000       -0.0000160000        0.0000000000        0.0000000000
                            0.0000000000
! p functions
H  12   4
        0.0292070000        0.0199090000        0.0000000000        0.0000000000
                            0.0000000000
        0.0584080000        0.1417750000        0.0000000000        0.0000000000
                            0.0000000000
        0.0664450000        0.0000000000        1.0000000000        0.0000000000
                            0.0000000000
        0.1168030000        0.2944630000        0.0000000000        0.0000000000
                            0.0000000000
        0.1966140000        0.0000000000        0.0000000000        1.0000000000
                            0.0000000000
        0.2335820000        0.3090280000        0.0000000000        0.0000000000
                            0.0000000000
        0.4470310000        0.0000000000        0.0000000000        0.0000000000
                            1.0000000000
        0.4671150000        0.2363780000        0.0000000000        0.0000000000
                            0.0000000000
        0.9341320000        0.1313170000        0.0000000000        0.0000000000
                            0.0000000000
        1.8680680000        0.0664540000        0.0000000000        0.0000000000
                            0.0000000000
        3.7357430000        0.0212480000        0.0000000000        0.0000000000
                            0.0000000000
        7.4707010000        0.0028370000        0.0000000000        0.0000000000
                            0.0000000000
! d functions
H   3   3
        0.1491000000        1.0000000000        0.0000000000        0.0000000000
        0.4107330000        0.0000000000        1.0000000000        0.0000000000
        1.1426140000        0.0000000000        0.0000000000        1.0000000000
! f functions
H   2   2
        0.3159020000        1.0000000000        0.0000000000
        0.8700110000        0.0000000000        1.0000000000
! g functions
H   1   1
        0.7107460000        1.0000000000
