! cc-pvqz-ecp-bfd
! s functions
H  12   4
        0.0513440000        0.0139910000        0.0000000000        0.0000000000
                            0.0000000000
        0.1026190000        0.1698520000        0.0000000000        0.0000000000
                            0.0000000000
        0.1095760000        0.0000000000        1.0000000000        0.0000000000
                            0.0000000000
        0.2051000000        0.3975290000        0.0000000000        0.0000000000
                            0.0000000000
        0.2696590000        0.0000000000        0.0000000000        0.0000000000
                            1.0000000000
        0.4099240000        0.3803690000        0.0000000000        0.0000000000
                            0.0000000000
        0.8192970000        0.1801130000        0.0000000000        0.0000000000
                            0.0000000000
        0.8468790000        0.0000000000        0.0000000000        1.0000000000
                            0.0000000000
        1.6374940000       -0.0335120000        0.0000000000        0.0000000000
                            0.0000000000
        3.2727910000       -0.1214990000        0.0000000000        0.0000000000
                            0.0000000000
        6.5411870000        0.0151760000        0.0000000000        0.0000000000
                            0.0000000000
       13.0735940000       -0.0007050000        0.0000000000        0.0000000000
                            0.0000000000
! p functions
H  12   4
        0.0292810000        0.0017870000        0.0000000000        0.0000000000
                            0.0000000000
        0.0585470000        0.0504260000        0.0000000000        0.0000000000
                            0.0000000000
        0.1053890000        0.0000000000        1.0000000000        0.0000000000
                            0.0000000000
        0.1170630000        0.1916340000        0.0000000000        0.0000000000
                            0.0000000000
        0.2340640000        0.3026670000        0.0000000000        0.0000000000
                            0.0000000000
        0.3132540000        0.0000000000        0.0000000000        1.0000000000
                            0.0000000000
        0.4680030000        0.2898680000        0.0000000000        0.0000000000
                            0.0000000000
        0.8046810000        0.0000000000        0.0000000000        0.0000000000
                            1.0000000000
        0.9357570000        0.2109790000        0.0000000000        0.0000000000
                            0.0000000000
        1.8710160000        0.1120240000        0.0000000000        0.0000000000
                            0.0000000000
        3.7410350000        0.0544250000        0.0000000000        0.0000000000
                            0.0000000000
        7.4800760000        0.0219310000        0.0000000000        0.0000000000
                            0.0000000000
! d functions
H   3   3
        0.2401710000        1.0000000000        0.0000000000        0.0000000000
        0.6848840000        0.0000000000        1.0000000000        0.0000000000
        2.0137600000        0.0000000000        0.0000000000        1.0000000000
! f functions
H   2   2
        0.4573020000        1.0000000000        0.0000000000
        1.3249300000        0.0000000000        1.0000000000
! g functions
H   1   1
        1.0341800000        1.0000000000
