! cc-pvqz-ecp-bfd
! s functions
H  12   4
       35.1715340000        0.0575140000        0.0000000000        0.0000000000
                            0.0000000000
       18.4972560000        0.2157760000        0.0000000000        0.0000000000
                            0.0000000000
        9.7279940000        0.3747990000        0.0000000000        0.0000000000
                            0.0000000000
        5.1161030000        0.3263130000        0.0000000000        0.0000000000
                            0.0000000000
        2.6906380000        0.1663830000        0.0000000000        0.0000000000
                            0.0000000000
        2.2611590000        0.0000000000        0.0000000000        0.0000000000
                            1.0000000000
        1.6584020000        0.0000000000        0.0000000000        1.0000000000
                            0.0000000000
        1.4150480000       -0.0391490000        0.0000000000        0.0000000000
                            0.0000000000
        0.7441960000       -0.0859090000        0.0000000000        0.0000000000
                            0.0000000000
        0.3991860000        0.0000000000        1.0000000000        0.0000000000
                            0.0000000000
        0.3913840000        0.0068160000        0.0000000000        0.0000000000
                            0.0000000000
        0.2058350000        0.0002060000        0.0000000000        0.0000000000
                            0.0000000000
! p functions
H  12   4
       26.1463320000        0.0299430000        0.0000000000        0.0000000000
                            0.0000000000
       13.3637320000        0.1142000000        0.0000000000        0.0000000000
                            0.0000000000
        6.8303780000        0.2196180000        0.0000000000        0.0000000000
                            0.0000000000
        3.4910950000        0.2688640000        0.0000000000        0.0000000000
                            0.0000000000
        1.9383760000        0.0000000000        0.0000000000        0.0000000000
                            1.0000000000
        1.7843440000        0.2569320000        0.0000000000        0.0000000000
                            0.0000000000
        0.9120020000        0.1913780000        0.0000000000        0.0000000000
                            0.0000000000
        0.7573420000        0.0000000000        0.0000000000        1.0000000000
                            0.0000000000
        0.4661360000        0.1121760000        0.0000000000        0.0000000000
                            0.0000000000
        0.2452150000        0.0000000000        1.0000000000        0.0000000000
                            0.0000000000
        0.2382480000        0.0633170000        0.0000000000        0.0000000000
                            0.0000000000
        0.1217720000        0.0080570000        0.0000000000        0.0000000000
                            0.0000000000
! d functions
H   3   3
        6.1702240000        0.0000000000        0.0000000000        1.0000000000
        2.1887510000        0.0000000000        1.0000000000        0.0000000000
        0.7381310000        1.0000000000        0.0000000000        0.0000000000
! f functions
H   2   2
        4.8494020000        0.0000000000        1.0000000000
        1.5899860000        1.0000000000        0.0000000000
! g functions
H   1   1
        3.2287930000        1.0000000000
