****
Ba     0
S   9   1.00
        0.0195860000     0.09990300
        0.0466020000    -0.53901400
        0.1910010000     0.78988400
        0.3164380000    -0.91985300
        0.4854160000     0.68541200
        1.9397670000     0.35206900
        4.5377680000     0.31311300
        5.8990980000     0.01207100
        7.6688270000     0.00019500
S   9   1.00
        0.0195860000    -0.02068400
        0.0466020000     0.14218600
        0.1910010000    -0.23588000
        0.3164380000     0.32514600
        0.4854160000    -0.24173500
        1.9397670000    -0.36194700
        4.5377680000    -0.19515000
        5.8990980000     0.85416200
        7.6688270000     0.37237500
S   9   1.00
        0.0195860000    -0.01821600
        0.0466020000    -0.08367000
        0.1910010000     0.27498900
        0.3164380000    -0.55976800
        0.4854160000     0.73977300
        1.9397670000     1.06805900
        4.5377680000    -1.18390500
        5.8990980000    -1.68640200
        7.6688270000     1.80745800
S   1   1.00
        0.0446720000     1.00000000
P   8   1.00
        0.1065790000    -0.00782000
        0.2522340000     0.02509800
        0.5339330000     0.13014200
        1.3254760000    -0.37171000
        2.0546880000     0.04556200
        2.6948110000     0.51254900
        4.3594940000     0.52204300
        5.7482160000     0.11521200
P   8   1.00
        0.1065790000    -0.07020800
        0.2522340000     0.22838400
        0.5339330000    -1.01883900
        1.3254760000     1.62201100
        2.0546880000    -0.72328400
        2.6948110000    -0.75993400
        4.3594940000    -0.10217200
        5.7482160000     1.11637500
P   8   1.00
        0.1065790000    -0.02000800
        0.2522340000     0.10248600
        0.5339330000    -1.18451000
        1.3254760000     2.48276600
        2.0546880000    -1.52519300
        2.6948110000    -1.79166700
        4.3594940000     3.16354400
        5.7482160000    -1.69775700
P   1   1.00
        0.1480230000     1.00000000
D   7   1.00
        0.0056140000    -0.08152600
        0.0193660000     0.24212200
        0.0434710000     0.36323000
        0.1003780000     0.36300100
        0.2458940000     0.27946200
        0.6201180000     0.08059800
        1.2912370000     0.00149500
D   7   1.00
        0.0056140000    -0.22638100
        0.0193660000     0.92414700
        0.0434710000     0.23804400
        0.1003780000    -0.42824800
        0.2458940000    -0.29457800
        0.6201180000    -0.09839300
        1.2912370000     0.00052300
D   1   1.00
        0.2806880000     1.00000000
****
