****
Ca     0
S   8   1.00
       13.4773610000    -0.06881200
       10.3663180000     0.19584100
        4.4517590000    -0.49964300
        1.0345350000     0.48682200
        0.5646800000     0.48847500
        0.3011170000     0.24869900
        0.0677690000     0.01211000
        0.0266650000     0.00028400
S   8   1.00
       13.4773610000     0.01569900
       10.3663180000    -0.04963500
        4.4517590000     0.14543600
        1.0345350000    -0.14750200
        0.5646800000    -0.28857200
        0.3011170000    -0.17334800
        0.0677690000     0.76259200
        0.0266650000     0.41769100
S   8   1.00
       13.4773610000    -0.00694800
       10.3663180000     0.05697000
        4.4517590000    -0.26664200
        1.0345350000     0.53776600
        0.5646800000     0.55734600
        0.3011170000    -0.60038600
        0.0677690000    -1.66685800
        0.0266650000     1.73009700
S   1   1.00
        0.0263010000     1.00000000
P   7   1.00
        7.6756290000     0.02736200
        5.9006550000    -0.08448400
        2.6657660000    -0.07664900
        2.0446420000     0.27640200
        0.9187360000     0.45795600
        0.4218000000     0.38699500
        0.1765370000     0.08963500
P   7   1.00
        7.6756290000    -0.00624300
        5.9006550000     0.04831800
        2.6657660000     0.50764800
        2.0446420000    -1.03601600
        0.9187360000    -0.31214900
        0.4218000000     0.19013700
        0.1765370000     0.85688000
P   7   1.00
        7.6756290000    -0.14335700
        5.9006550000     0.35739000
        2.6657660000    -0.23064000
        2.0446420000    -0.66955400
        0.9187360000    -0.48002800
        0.4218000000     2.21338800
        0.1765370000    -1.59045600
P   1   1.00
        0.0277720000     1.00000000
D   6   1.00
        5.2629630000     0.04080500
        2.2390470000     0.18071800
        0.8488280000     0.29996800
        0.3017580000     0.30686300
        0.1008640000     0.37259800
        0.0327510000     0.26873500
D   6   1.00
        5.2629630000     0.03823300
        2.2390470000     0.38645100
        0.8488280000     0.54122400
        0.3017580000    -0.14940000
        0.1008640000    -0.39834500
        0.0327510000    -0.27841500
D   1   1.00
        0.0537000000     1.00000000
****
