****
K      0
S   8   1.00
        0.0165660000    -0.07076300
        0.0385800000     0.19342800
        0.2351400000    -0.49365300
        0.5079870000     0.36580200
        0.9804950000     0.59710200
        3.8438240000     0.26921000
        9.2794200000     0.00456900
       12.0690480000    -0.00115800
S   8   1.00
        0.0165660000     0.01332200
        0.0385800000    -0.03919000
        0.2351400000     0.11179600
        0.5079870000    -0.08977500
        0.9804950000    -0.20583200
        3.8438240000    -0.17881400
        9.2794200000     0.72269800
       12.0690480000     0.40407800
S   8   1.00
        0.0165660000    -0.07094200
        0.0385800000     0.23726400
        0.2351400000    -0.83298200
        0.5079870000     2.38274400
        0.9804950000    -0.67328200
        3.8438240000    -1.32102400
        9.2794200000     0.25672200
       12.0690480000     0.20010800
S   1   1.00
        0.0182060000     1.00000000
P   7   1.00
        0.1542830000     0.02618600
        0.3740190000    -0.07114700
        0.8540920000    -0.14333800
        2.0788240000     0.26779200
        2.7115170000     0.43810700
        5.4169530000     0.43541000
        7.0640050000     0.12970400
P   7   1.00
        0.1542830000    -0.02027800
        0.3740190000     0.05834600
        0.8540920000     0.63657000
        2.0788240000    -1.04995300
        2.7115170000    -0.75240300
        5.4169530000     0.73102300
        7.0640050000     0.49076300
P   7   1.00
        0.1542830000     0.05653500
        0.3740190000    -0.18299200
        0.8540920000    -0.82065800
        2.0788240000     2.12953800
        2.7115170000    -0.70165600
        5.4169530000    -1.21300600
        7.0640050000     1.32568000
P   1   1.00
        0.1745190000     1.00000000
D   6   1.00
        0.0052970000     0.03281300
        0.0161770000     0.08194900
        0.0524690000     0.08743500
        0.2141620000     0.25919200
        0.8147430000     0.66094700
        2.8002700000     0.22183600
D   6   1.00
        0.0052970000     0.28006400
        0.0161770000     0.74915600
        0.0524690000     0.13260100
        0.2141620000    -0.07131500
        0.8147430000    -0.11791500
        2.8002700000    -0.04626700
D   1   1.00
        0.0700000000     1.00000000
****
