****
Mg     0
S   6   1.00
        0.0196670000     0.04428800
        0.0433350000    -0.30245300
        0.0920310000     0.11508300
        0.3102230000     0.66535400
        0.7302450000     0.34130800
        1.4782600000     0.05569500
S   6   1.00
        0.0196670000     0.12566500
        0.0433350000    -0.85667400
        0.0920310000     1.20515700
        0.3102230000     1.22308100
        0.7302450000    -1.73456300
        1.4782600000     0.02226600
S   1   1.00
        0.0399900000     1.00000000
P   6   1.00
        1.1524820000    -0.03307300
        0.4806210000    -0.14337500
        0.2841940000     0.31604300
        0.1149040000     0.55758500
        0.0604920000     0.30361400
        0.0181830000     0.02191400
****
