****
Rb     0
S   8   1.00
        0.0151890000    -0.07235800
        0.0346400000     0.17948800
        0.2016570000    -0.49964500
        0.4090500000     0.41475700
        0.6333890000     0.49908100
        2.6942940000     0.31928000
        7.5132500000     0.00569400
        9.7672250000    -0.00142400
S   8   1.00
        0.0151890000     0.01604300
        0.0346400000    -0.04233200
        0.2016570000     0.13285900
        0.4090500000    -0.12900500
        0.6333890000    -0.20441600
        2.6942940000    -0.19919500
        7.5132500000     0.75068500
        9.7672250000     0.38818600
S   8   1.00
        0.0151890000    -0.08588900
        0.0346400000     0.23867800
        0.2016570000    -0.86748400
        0.4090500000     3.59929400
        0.6333890000    -1.87920200
        2.6942940000    -1.29502600
        7.5132500000     0.24426400
        9.7672250000     0.24344400
S   1   1.00
        0.3989620000     1.00000000
P   7   1.00
        0.1222570000     0.01266800
        0.2926120000     0.01058700
        0.6498130000    -0.14638300
        1.2461990000     0.08886500
        3.1318680000     0.44367000
        4.8795980000     0.48334600
        6.3434770000     0.13756300
P   7   1.00
        0.1222570000     0.02880300
        0.2926120000    -0.14577700
        0.6498130000     0.40347600
        1.2461990000    -0.50389200
        3.1318680000    -0.93916700
        4.8795980000     0.70979300
        6.3434770000     0.56364300
P   7   1.00
        0.1222570000     0.03247600
        0.2926120000     0.03907500
        0.6498130000    -0.48670900
        1.2461990000     1.55677600
        3.1318680000    -0.31692800
        4.8795980000    -1.80246600
        6.3434770000     1.53844100
P   1   1.00
        0.2488100000     1.00000000
D   6   1.00
        0.0053440000    -0.00283500
        0.0162870000     0.09534900
        0.0520880000     0.12183100
        0.1923120000     0.29496000
        0.6363220000     0.63514100
        3.6344790000     0.19006000
D   6   1.00
        0.0053440000    -0.01826400
        0.0162870000     0.87035800
        0.0520880000     0.20274200
        0.1923120000    -0.10352600
        0.6363220000    -0.15698700
        3.6344790000    -0.05426500
D   1   1.00
        0.3765070000     1.00000000
****
