****
Sr     0
S   9   1.00
        0.0232480000     0.05601900
        0.0573800000    -0.31955900
        0.2361980000     0.49689700
        0.4217680000    -0.69352100
        0.7314070000     0.55991500
        3.1061160000     0.47648800
        7.4188910000     0.23915300
        9.6445590000     0.01027000
       12.5379260000     0.00044400
S   9   1.00
        0.0232480000    -0.00964500
        0.0573800000     0.07466000
        0.2361980000    -0.13387200
        0.4217680000     0.22148100
        0.7314070000    -0.17848200
        3.1061160000    -0.36748300
        7.4188910000    -0.14388800
        9.6445590000     0.81974900
       12.5379260000     0.37844300
S   9   1.00
        0.0232480000    -0.01605900
        0.0573800000    -0.03628200
        0.2361980000     0.16287500
        0.4217680000    -0.40386300
        0.7314070000     0.65731800
        3.1061160000     0.72503600
        7.4188910000    -0.86406900
        9.6445590000    -1.61434400
       12.5379260000     1.74125800
S   1   1.00
        0.0185360000     1.00000000
P   8   1.00
        0.1443930000    -0.02737500
        0.3460620000     0.13445100
        0.7559190000    -0.14144600
        1.9589050000    -0.28823400
        2.5573800000     0.25148900
        4.7374470000     0.48483700
        6.1697120000     0.47892300
        8.0313000000     0.11611300
P   8   1.00
        0.1443930000    -0.07656300
        0.3460620000     0.26011600
        0.7559190000    -0.36152600
        1.9589050000     1.22316800
        2.5573800000    -1.15074100
        4.7374470000    -0.64849700
        6.1697120000     0.00539800
        8.0313000000     1.02707300
P   8   1.00
        0.1443930000     0.05426200
        0.3460620000    -0.23323400
        0.7559190000     0.16625900
        1.9589050000     1.43343700
        2.5573800000    -1.74915500
        4.7374470000    -1.30430000
        6.1697120000     2.78781300
        8.0313000000    -1.63728100
P   1   1.00
        0.2068370000     1.00000000
D   7   1.00
        0.0222100000    -0.12324900
        0.0588480000     0.13147800
        0.1510680000     0.18393600
        0.3744110000     0.25913100
        0.8519140000     0.32463900
        2.2590680000     0.37768700
        2.5974860000     0.19854600
D   7   1.00
        0.0222100000    -0.39396800
        0.0588480000     0.42114100
        0.1510680000     0.66709300
        0.3744110000     0.28396800
        0.8519140000    -0.24814600
        2.2590680000    -0.33220700
        2.5974860000    -0.17366000
D   1   1.00
        0.4346020000     1.00000000
****
