s, At, 0.1001430000, 0.1993610000, 0.3968810000, 0.7900950000, 1.5728910000, 3.1312500000, 6.2335730000, 12.4095580000, 24.7044720000, 0.1263170000, 0.3486250000
c, 1.9, 0.22529000, 0.60154100, 0.51560900, -0.01016700, -0.99610200, 0.58871700, -0.15241500, 0.02800000, -0.00375900
c, 10.10, 1.00000000
c, 11.11, 1.00000000
p, At, 0.0536780000, 0.1042540000, 0.2024850000, 0.3932700000, 0.7638180000, 1.4835030000, 2.8812920000, 5.5961070000, 10.8688790000, 0.0984940000, 0.5057720000
c, 1.9, 0.12622400, 0.30830000, 0.45845500, 0.28399800, 0.00724100, -0.31923700, 0.13619300, -0.02484900, 0.00268000
c, 11.11, 1.00000000
c, 10.10, 1.00000000
d, At, 0.2510720000, 0.8123900000
c, 1.1, 1.00000000
c, 2.2, 1.00000000
f, At, 0.3034690000
c, 1.1, 1.00000000
