s, Be, 3.2548520000, 1.8122900000, 1.0090770000, 0.5618500000, 0.3128360000, 0.1741860000, 0.0969860000, 0.0540020000, 0.0300680000, 0.3577350000, 0.0609130000
c, 1.9, 0.02510500, 0.17889000, 0.26393900, 0.43594600, -0.00818800, 0.04950900, -0.11457600, -0.06720700, 0.01725000
c, 11.11, 1.00000000
c, 10.10, 1.00000000
p, Be, 2.5311390000, 1.3339670000, 0.7030300000, 0.3705130000, 0.1952690000, 0.1029110000, 0.0542360000, 0.0285840000, 0.0150640000, 0.7282740000, 0.1651730000
c, 1.9, 0.73505200, -0.47621400, 0.56480600, -0.10857500, 0.23386200, -0.00900300, 0.06751000, -0.00286800, 0.01786900
c, 10.10, 1.00000000
c, 11.11, 1.00000000
d, Be, 0.3051980000, 0.1132410000
c, 2.2, 1.00000000
c, 1.1, 1.00000000
f, Be, 0.2728410000
c, 1.1, 1.00000000
