s, Bi, 21.0494730000, 10.5251070000, 5.2627390000, 2.6314620000, 1.3157770000, 0.6579120000, 0.3289680000, 0.1644900000, 0.0822480000, 0.3026850000, 0.1068210000
c, 1.9, 0.28238600, 0.59349400, 0.42421600, 0.03847200, -0.99922700, 0.59847200, -0.16039400, 0.03046500, -0.00416800
c, 11.11, 1.00000000
c, 10.10, 1.00000000
p, Bi, 9.3163010000, 4.7806710000, 2.4532070000, 1.2588660000, 0.6459880000, 0.3314900000, 0.1701040000, 0.0872890000, 0.0447930000, 0.4181670000, 0.0807490000
c, 1.9, 0.14366400, 0.34715300, 0.46013000, 0.21092200, 0.00517500, -0.29326100, 0.13104700, -0.02539400, 0.00289300
c, 10.10, 1.00000000
c, 11.11, 1.00000000
d, Bi, 0.7744120000, 0.2026070000
c, 2.2, 1.00000000
c, 1.1, 1.00000000
f, Bi, 0.2564490000
c, 1.1, 1.00000000
