s, C, 0.0513440000, 0.1026190000, 0.2051000000, 0.4099240000, 0.8192970000, 1.6374940000, 3.2727910000, 6.5411870000, 13.0735940000, 0.1328000000, 0.9215520000
c, 1.9, 0.01399100, 0.16985200, 0.39752900, 0.38036900, 0.18011300, -0.03351200, -0.12149900, 0.01517600, -0.00070500
c, 11.11, 1.00000000
c, 10.10, 1.00000000
p, C, 0.0292810000, 0.0585470000, 0.1170630000, 0.2340640000, 0.4680030000, 0.9357570000, 1.8710160000, 3.7410350000, 7.4800760000, 0.1267720000, 0.3767420000
c, 1.9, 0.00178700, 0.05042600, 0.19163400, 0.30266700, 0.28986800, 0.21097900, 0.11202400, 0.05442500, 0.02193100
c, 10.10, 1.00000000
c, 11.11, 1.00000000
d, C, 0.3294860000, 1.1416110000
c, 1.1, 1.00000000
c, 2.2, 1.00000000
f, C, 0.7734850000
c, 1.1, 1.00000000
