s, Cl, 0.1199440000, 0.2573480000, 0.5521570000, 1.1846910000, 2.5418360000, 5.4536810000, 11.7012430000, 25.1058120000, 53.8662260000, 0.1856130000, 0.9915600000
c, 1.9, 0.14891700, 0.50361600, 0.52399500, 0.01361200, -0.32884600, 0.05630900, -0.00130100, -0.00029400, 0.00007600
c, 10.10, 1.00000000
c, 11.11, 1.00000000
p, Cl, 0.0743740000, 0.1550840000, 0.3233780000, 0.6743030000, 1.4060430000, 2.9318550000, 6.1134500000, 12.7476510000, 26.5811650000, 0.1122680000, 0.3095830000
c, 1.9, 0.08492500, 0.27065800, 0.39602200, 0.32432500, 0.10066100, -0.06980200, -0.00095100, 0.00150100, -0.00024900
c, 10.10, 1.00000000
c, 11.11, 1.00000000
d, Cl, 0.3523570000, 1.1287960000
c, 1.1, 1.00000000
c, 2.2, 1.00000000
f, Cl, 0.7319990000
c, 1.1, 1.00000000
