s, Ga, 37.8643670000, 16.7158790000, 7.3795140000, 3.2578140000, 1.4382180000, 0.6349260000, 0.2802990000, 0.1237430000, 0.0546280000, 0.3419940000, 0.0697030000
c, 1.9, 0.25317100, 0.59829500, 0.35690900, -0.05654400, -0.41126600, 0.15607900, -0.02514200, 0.00408900, -0.00062200
c, 11.11, 1.00000000
c, 10.10, 1.00000000
p, Ga, 16.3586320000, 7.4167640000, 3.3626520000, 1.5245770000, 0.6912210000, 0.3133890000, 0.1420860000, 0.0644200000, 0.0292070000, 0.0640290000, 0.0273090000
c, 1.9, 0.75940000, -0.02205900, 0.36825200, 0.05114200, 0.03665500, -0.07858900, 0.01778100, -0.00249800, 0.00038600
c, 11.11, 1.00000000
c, 10.10, 1.00000000
d, Ga, 0.2663790000, 0.1050920000
c, 2.2, 1.00000000
c, 1.1, 1.00000000
f, Ga, 0.2975540000
c, 1.1, 1.00000000
