s, I, 0.0932930000, 0.1932110000, 0.4001420000, 0.8286980000, 1.7162430000, 3.5543560000, 7.3611070000, 15.2449270000, 31.5723960000, 0.1309550000, 0.3526100000
c, 1.9, 0.20590200, 0.62314400, 0.49178800, -0.11341800, -0.67844200, 0.35666000, -0.07867600, 0.01347500, -0.00185900
c, 10.10, 1.00000000
c, 11.11, 1.00000000
p, I, 0.0564870000, 0.1130380000, 0.2262040000, 0.4526630000, 0.9058370000, 1.8126970000, 3.6274390000, 7.2589730000, 14.5261390000, 0.1079320000, 0.5874270000
c, 1.9, 0.11279200, 0.31700900, 0.45651400, 0.28474600, -0.01207600, -0.23018200, 0.08221400, -0.01249200, 0.00128500
c, 10.10, 1.00000000
c, 11.11, 1.00000000
d, I, 0.1898320000, 0.3466330000
c, 1.1, 1.00000000
c, 2.2, 1.00000000
f, I, 0.4304860000
c, 1.1, 1.00000000
