s, In, 22.1896050000, 10.3184300000, 4.7981930000, 2.2312170000, 1.0375420000, 0.4824690000, 0.2243540000, 0.1043270000, 0.0485130000, 0.2546540000, 0.0610260000
c, 1.9, 0.26656000, 0.59534500, 0.37765400, -0.03640400, -0.58100500, 0.27026500, -0.05371500, 0.00896100, -0.00128300
c, 11.11, 1.00000000
c, 10.10, 1.00000000
p, In, 9.6645000000, 4.5872450000, 2.1773310000, 1.0334680000, 0.4905340000, 0.2328320000, 0.1105130000, 0.0524550000, 0.0248980000, 0.0471830000, 0.0238360000
c, 1.9, 0.73935800, -0.04833000, 0.41437700, 0.04630700, 0.04798000, -0.12431600, 0.03747100, -0.00601100, 0.00083500
c, 11.11, 1.00000000
c, 10.10, 1.00000000
d, In, 0.1901160000, 0.0922390000
c, 2.2, 1.00000000
c, 1.1, 1.00000000
f, In, 0.2557510000
c, 1.1, 1.00000000
