s, Li, 8.3464940000, 3.6056890000, 1.5576590000, 0.6729090000, 0.2906970000, 0.1255810000, 0.0542510000, 0.0234370000, 0.0101250000, 0.1322590000, 0.0261700000
c, 1.9, 0.00784100, 0.25811800, 0.42330700, 0.16782500, -0.06833200, -0.11926900, 0.00773600, 0.00363000, -0.00064600
c, 11.11, 1.00000000
c, 10.10, 1.00000000
p, Li, 1.4832250000, 0.8562730000, 0.4943300000, 0.2853790000, 0.1647510000, 0.0951110000, 0.0549080000, 0.0316990000, 0.0183000000, 0.1100750000, 0.0529590000
c, 1.9, -0.00590600, -0.03142200, -0.04362800, -0.01678100, -0.07859400, 0.01556200, -0.03083000, 0.00618500, -0.00862100
c, 11.11, 1.00000000
c, 10.10, 1.00000000
d, Li, 0.1771400000, 0.0677950000
c, 2.2, 1.00000000
c, 1.1, 1.00000000
f, Li, 0.1807580000
c, 1.1, 1.00000000
