s, Na, 0.0130610000, 0.0300410000, 0.0690920000, 0.1589080000, 0.3654810000, 0.8405890000, 1.9333150000, 4.4465330000, 10.2268160000, 0.0678540000, 0.5504510000
c, 1.9, 0.20011800, 0.46765200, 0.22773800, -0.06158100, -0.13753300, 0.00332300, 0.00374100, -0.00111700, 0.00024400
c, 10.10, 1.00000000
c, 11.11, 1.00000000
p, Na, 0.0025930000, 0.0067410000, 0.0175250000, 0.0455630000, 0.1184610000, 0.3079870000, 0.8007380000, 2.0818470000, 5.4126170000, 0.0894060000, 0.6192730000
c, 1.9, -0.00284000, 0.00534000, -0.02593600, -0.05346600, -0.05369100, 0.01443900, 0.00619900, -0.00102600, 0.00016800
c, 10.10, 1.00000000
c, 11.11, 1.00000000
d, Na, 0.0869200000, 0.6930140000
c, 1.1, 1.00000000
c, 2.2, 1.00000000
f, Na, 0.1324020000
c, 1.1, 1.00000000
