s, P, 0.0747180000, 0.1608340000, 0.3462020000, 0.7452150000, 1.6041090000, 3.4529170000, 7.4325610000, 15.9989240000, 34.4384080000, 0.1152880000, 0.6460660000
c, 1.9, 0.14022500, 0.50674600, 0.49989300, 0.03730100, -0.28459100, 0.02476600, 0.00179800, -0.00031400, 0.00008800
c, 10.10, 1.00000000
c, 11.11, 1.00000000
p, P, 0.0502420000, 0.1023910000, 0.2086690000, 0.4252560000, 0.8666510000, 1.7661910000, 3.5994100000, 7.3354180000, 14.9492170000, 0.0765680000, 0.2003010000
c, 1.9, 0.07209500, 0.27873500, 0.41103400, 0.30472400, 0.09172700, -0.05706000, -0.00510300, 0.00032800, -0.00004600
c, 10.10, 1.00000000
c, 11.11, 1.00000000
d, P, 0.2345430000, 0.7532990000
c, 1.1, 1.00000000
c, 2.2, 1.00000000
f, P, 0.4687620000
c, 1.1, 1.00000000
