s, Pb, 18.0604460000, 9.0840130000, 4.5690610000, 2.2981390000, 1.1559140000, 0.5814000000, 0.2924310000, 0.1470870000, 0.0739810000, 0.2162940000, 0.0937380000
c, 1.9, 0.32426400, 0.57115500, 0.37405100, 0.12474900, -1.11272100, 0.68123100, -0.19171600, 0.03780600, -0.00522500
c, 11.11, 1.00000000
c, 10.10, 1.00000000
p, Pb, 8.5757480000, 4.3343330000, 2.1906470000, 1.1071910000, 0.5595940000, 0.2828280000, 0.1429460000, 0.0722480000, 0.0365150000, 0.3640490000, 0.0643860000
c, 1.9, 0.17140200, 0.35547300, 0.43826500, 0.18231500, 0.03852600, -0.29522700, 0.12970800, -0.02587700, 0.00310600
c, 10.10, 1.00000000
c, 11.11, 1.00000000
d, Pb, 0.6072930000, 0.1723230000
c, 2.2, 1.00000000
c, 1.1, 1.00000000
f, Pb, 0.2384040000
c, 1.1, 1.00000000
