s, Po, 0.0882830000, 0.1782480000, 0.3598910000, 0.7266360000, 1.4671110000, 2.9621640000, 5.9807420000, 12.0753880000, 24.3807530000, 0.1215400000, 0.2941300000
c, 1.9, 0.23189200, 0.60460400, 0.48683800, -0.02087700, -0.91569300, 0.53028700, -0.13462400, 0.02465100, -0.00335300
c, 10.10, 1.00000000
c, 11.11, 1.00000000
p, Po, 0.0449240000, 0.0890860000, 0.1766590000, 0.3503190000, 0.6946900000, 1.3775850000, 2.7317800000, 5.4171770000, 10.7423740000, 0.0854740000, 0.4477190000
c, 1.9, 0.08113200, 0.31215400, 0.48575800, 0.28995400, -0.00509900, -0.29028400, 0.12072400, -0.02178800, 0.00241100
c, 10.10, 1.00000000
c, 11.11, 1.00000000
d, Po, 0.2233210000, 0.7668010000
c, 1.1, 1.00000000
c, 2.2, 1.00000000
f, Po, 0.2601780000
c, 1.1, 1.00000000
