s, Sb, 0.0692800000, 0.1439400000, 0.2990560000, 0.6213320000, 1.2909050000, 2.6820400000, 5.5723200000, 11.5772900000, 24.0534720000, 0.0950570000, 0.3819610000
c, 1.9, 0.21745900, 0.59993200, 0.45940700, -0.04247200, -0.65036200, 0.29833300, -0.05689300, 0.00910200, -0.00125500
c, 10.10, 1.00000000
c, 11.11, 1.00000000
p, Sb, 0.0400920000, 0.0806790000, 0.1623560000, 0.3267200000, 0.6574810000, 1.3230930000, 2.6625500000, 5.3580300000, 10.7823270000, 0.0832270000, 0.4447610000
c, 1.9, 0.08171200, 0.32260500, 0.46472200, 0.27708800, 0.00909000, -0.19482500, 0.05439200, -0.00645500, 0.00062900
c, 11.11, 1.00000000
c, 10.10, 1.00000000
d, Sb, 0.1324310000, 0.2773570000
c, 1.1, 1.00000000
c, 2.2, 1.00000000
f, Sb, 0.3352420000
c, 1.1, 1.00000000
