s, Te, 28.1125810000, 13.4052110000, 6.3921440000, 3.0480320000, 1.4534240000, 0.6930510000, 0.3304750000, 0.1575840000, 0.0751420000, 0.4093410000, 0.1047590000
c, 1.9, 0.17250600, 0.58817700, 0.54265900, -0.10393000, -0.57096300, 0.23962700, -0.03790000, 0.00505700, -0.00064300
c, 11.11, 1.00000000
c, 10.10, 1.00000000
p, Te, 11.6638850000, 5.8200010000, 2.9040420000, 1.4490480000, 0.7230400000, 0.3607800000, 0.1800210000, 0.0898260000, 0.0448210000, 0.4685400000, 0.0830680000
c, 1.9, 0.05958100, 0.28920000, 0.46742300, 0.33177600, 0.00540600, -0.19172100, 0.04553800, -0.00360000, 0.00020500
c, 11.11, 1.00000000
c, 10.10, 1.00000000
d, Te, 0.3102180000, 0.1568560000
c, 2.2, 1.00000000
c, 1.1, 1.00000000
f, Te, 0.3552180000
c, 1.1, 1.00000000
