s, Tl, 15.4612380000, 7.7582670000, 3.8930070000, 1.9534650000, 0.9802260000, 0.4918660000, 0.2468130000, 0.1238480000, 0.0621450000, 0.2243210000, 0.0686750000
c, 1.9, 0.34200000, 0.54508100, 0.34953200, 0.19196200, -1.13334900, 0.66732200, -0.18340200, 0.03608900, -0.00504800
c, 11.11, 1.00000000
c, 10.10, 1.00000000
p, Tl, 7.9270750000, 3.8926390000, 1.9115050000, 0.9386560000, 0.4609330000, 0.2263440000, 0.1111480000, 0.0545800000, 0.0268020000, 0.1414240000, 0.0280460000
c, 1.9, 0.84951400, -0.19393000, 0.48000000, -0.01456300, 0.09964500, -0.20229400, 0.08057700, -0.01663100, 0.00232100
c, 11.11, 1.00000000
c, 10.10, 1.00000000
d, Tl, 0.5947490000, 0.1490510000
c, 2.2, 1.00000000
c, 1.1, 1.00000000
f, Tl, 0.2316180000
c, 1.1, 1.00000000
