s, B, 0.0405690000, 0.0810440000, 0.1618980000, 0.3234180000, 0.6460800000, 1.2906480000, 2.5782760000, 5.1505200000, 10.2889900000, 0.0829680000, 0.3051330000, 0.4222170000
c, 1.9, 0.03203100, 0.24331700, 0.43463600, 0.32958100, 0.11187500, -0.07869900, -0.09878100, 0.01616400, -0.00001600
c, 10.10, 1.00000000
c, 11.11, 1.00000000
c, 12.12, 1.00000000
p, B, 0.0292070000, 0.0584080000, 0.1168030000, 0.2335820000, 0.4671150000, 0.9341320000, 1.8680680000, 3.7357430000, 7.4707010000, 0.0664450000, 0.1966140000, 0.4470310000
c, 1.9, 0.01990900, 0.14177500, 0.29446300, 0.30902800, 0.23637800, 0.13131700, 0.06645400, 0.02124800, 0.00283700
c, 10.10, 1.00000000
c, 11.11, 1.00000000
c, 12.12, 1.00000000
d, B, 0.1491000000, 0.4107330000, 1.1426140000
c, 1.1, 1.00000000
c, 2.2, 1.00000000
c, 3.3, 1.00000000
f, B, 0.3159020000, 0.8700110000
c, 1.1, 1.00000000
c, 2.2, 1.00000000
g, B, 0.7107460000
c, 1.1, 1.00000000
