s, C, 13.0735940000, 6.5411870000, 3.2727910000, 1.6374940000, 0.8192970000, 0.4099240000, 0.2051000000, 0.1026190000, 0.0513440000, 0.8468790000, 0.2696590000, 0.1095760000
c, 1.9, 0.01399100, 0.16985200, 0.39752900, 0.38036900, 0.18011300, -0.03351200, -0.12149900, 0.01517600, -0.00070500
c, 12.12, 1.00000000
c, 10.10, 1.00000000
c, 11.11, 1.00000000
p, C, 7.4800760000, 3.7410350000, 1.8710160000, 0.9357570000, 0.4680030000, 0.2340640000, 0.1170630000, 0.0585470000, 0.0292810000, 0.8046810000, 0.3132540000, 0.1053890000
c, 1.9, 0.00178700, 0.05042600, 0.19163400, 0.30266700, 0.28986800, 0.21097900, 0.11202400, 0.05442500, 0.02193100
c, 12.12, 1.00000000
c, 11.11, 1.00000000
c, 10.10, 1.00000000
d, C, 2.0137600000, 0.6848840000, 0.2401710000
c, 3.3, 1.00000000
c, 2.2, 1.00000000
c, 1.1, 1.00000000
f, C, 1.3249300000, 0.4573020000
c, 2.2, 1.00000000
c, 1.1, 1.00000000
g, C, 1.0341800000
c, 1.1, 1.00000000
