s, H, 0.0130000000, 0.0299000000, 0.0687700000, 0.1581700000, 0.3637920000, 0.8367210000, 1.9244580000, 4.4262540000, 10.1803850000, 0.1205990000, 0.4047830000, 0.7151290000
c, 1.9, 0.00070600, -0.00211900, 0.05769300, 0.23069500, 0.27761200, 0.16983300, 0.09744300, 0.02996600, -0.00045200
c, 10.10, 1.00000000
c, 11.11, 1.00000000
c, 12.12, 1.00000000
p, H, 0.0030000000, 0.0078000000, 0.0202810000, 0.0527300000, 0.1370970000, 0.3564510000, 0.9267740000, 2.4096120000, 6.2649910000, 0.2630380000, 0.7745360000
c, 1.9, 0.00124200, -0.00091300, -0.00005400, -0.00023800, -0.01153000, -0.01823500, -0.01392900, -0.00939500, -0.00034700
c, 11.11, 1.00000000
c, 10.10, 1.00000000
d, H, 0.6366560000, 2.3158830000
c, 2.2, 1.00000000
c, 1.1, 1.00000000
f, H, 1.1308190000
c, 1.1, 1.00000000
