s, Mg, 0.0309750000, 0.0629590000, 0.1279700000, 0.2601110000, 0.5287000000, 1.0746300000, 2.1842850000, 4.4397590000, 9.0242170000, 0.0233780000, 0.1881410000, 0.6162050000
c, 1.9, 0.16529000, 0.50627200, 0.33319700, 0.05748200, -0.13761400, -0.13537800, 0.04831000, -0.00531200, 0.00046500
c, 10.10, 1.00000000
c, 11.11, 1.00000000
c, 12.12, 1.00000000
p, Mg, 0.0470550000, 0.0832530000, 0.1472980000, 0.2606110000, 0.4610940000, 0.8158030000, 1.4433830000, 2.5537450000, 4.5182860000, 0.0891670000, 0.2092100000, 0.8468590000
c, 1.9, 1.50203800, -1.43394400, 1.31898700, -0.74112400, 0.43630000, -0.24379800, 0.08677400, -0.02867700, 0.00608500
c, 10.10, 1.00000000
c, 11.11, 1.00000000
c, 12.12, 1.00000000
d, Mg, 0.0955260000, 0.2332220000, 0.7340890000
c, 1.1, 1.00000000
c, 3.3, 1.00000000
c, 2.2, 1.00000000
f, Mg, 0.1270250000, 0.3049070000
c, 1.1, 1.00000000
c, 2.2, 1.00000000
g, Mg, 0.1922720000
c, 1.1, 1.00000000
