s, N, 0.0988690000, 0.2114430000, 0.4521970000, 0.9670800000, 2.0682210000, 4.4231500000, 9.4594620000, 20.2302460000, 43.2649190000, 0.1357640000, 0.3108260000, 1.6250010000
c, 1.9, 0.06726600, 0.33429000, 0.45425700, 0.26786100, 0.00024800, -0.13260600, 0.01443700, 0.00035900, -0.00009400
c, 10.10, 1.00000000
c, 11.11, 1.00000000
c, 12.12, 1.00000000
p, N, 0.0732340000, 0.1458670000, 0.2905350000, 0.5786830000, 1.1526120000, 2.2957560000, 4.5726520000, 9.1077390000, 18.1406570000, 0.1407360000, 0.4131030000, 1.0207500000
c, 1.9, 0.03575800, 0.15394500, 0.27765600, 0.29767600, 0.23440300, 0.14032100, 0.06721900, 0.03159400, 0.00330100
c, 10.10, 1.00000000
c, 11.11, 1.00000000
c, 12.12, 1.00000000
d, N, 0.3462330000, 1.0098950000, 3.0284590000
c, 1.1, 1.00000000
c, 2.2, 1.00000000
c, 3.3, 1.00000000
f, N, 0.6911290000, 2.0247470000
c, 1.1, 1.00000000
c, 2.2, 1.00000000
g, N, 1.3575120000
c, 1.1, 1.00000000
