s, Ne, 35.1715340000, 18.4972560000, 9.7279940000, 5.1161030000, 2.6906380000, 1.4150480000, 0.7441960000, 0.3913840000, 0.2058350000, 2.2611590000, 1.6584020000, 0.3991860000
c, 1.9, 0.05751400, 0.21577600, 0.37479900, 0.32631300, 0.16638300, -0.03914900, -0.08590900, 0.00681600, 0.00020600
c, 12.12, 1.00000000
c, 11.11, 1.00000000
c, 10.10, 1.00000000
p, Ne, 26.1463320000, 13.3637320000, 6.8303780000, 3.4910950000, 1.7843440000, 0.9120020000, 0.4661360000, 0.2382480000, 0.1217720000, 1.9383760000, 0.7573420000, 0.2452150000
c, 1.9, 0.02994300, 0.11420000, 0.21961800, 0.26886400, 0.25693200, 0.19137800, 0.11217600, 0.06331700, 0.00805700
c, 12.12, 1.00000000
c, 11.11, 1.00000000
c, 10.10, 1.00000000
d, Ne, 6.1702240000, 2.1887510000, 0.7381310000
c, 3.3, 1.00000000
c, 2.2, 1.00000000
c, 1.1, 1.00000000
f, Ne, 4.8494020000, 1.5899860000
c, 2.2, 1.00000000
c, 1.1, 1.00000000
g, Ne, 3.2287930000
c, 1.1, 1.00000000
