s, Si, 29.7243870000, 13.6817070000, 6.2974930000, 2.8986450000, 1.3342050000, 0.6141150000, 0.2826680000, 0.1301080000, 0.0598870000, 0.4350170000, 0.2060240000, 0.0799000000
c, 1.9, 0.16749200, 0.53255000, 0.46429000, -0.00232200, -0.26823400, 0.03192100, -0.00010600, -0.00014500, 0.00006700
c, 12.12, 1.00000000
c, 11.11, 1.00000000
c, 10.10, 1.00000000
p, Si, 13.0220970000, 6.2469660000, 2.9967970000, 1.4376250000, 0.6896580000, 0.3308430000, 0.1587120000, 0.0761370000, 0.0365250000, 0.5991120000, 0.1346810000, 0.0545750000
c, 1.9, 0.07876100, 0.30833100, 0.41777300, 0.28167600, 0.06987600, -0.05630600, 0.00074400, -0.00025900, -0.00002200
c, 12.12, 1.00000000
c, 10.10, 1.00000000
c, 11.11, 1.00000000
d, Si, 1.0639610000, 0.3509670000, 0.1331180000
c, 3.3, 1.00000000
c, 2.2, 1.00000000
c, 1.1, 1.00000000
f, Si, 0.5359320000, 0.2113190000
c, 2.2, 1.00000000
c, 1.1, 1.00000000
g, Si, 0.4653650000
c, 1.1, 1.00000000
