! ano-pvdz-ecp-bfd
! s functions
H  10   4
        0.0195860000        0.0999030000       -0.0206840000       -0.0182160000
                            0.0000000000
        0.0446720000        0.0000000000        0.0000000000        0.0000000000
                            1.0000000000
        0.0466020000       -0.5390140000        0.1421860000       -0.0836700000
                            0.0000000000
        0.1910010000        0.7898840000       -0.2358800000        0.2749890000
                            0.0000000000
        0.3164380000       -0.9198530000        0.3251460000       -0.5597680000
                            0.0000000000
        0.4854160000        0.6854120000       -0.2417350000        0.7397730000
                            0.0000000000
        1.9397670000        0.3520690000       -0.3619470000        1.0680590000
                            0.0000000000
        4.5377680000        0.3131130000       -0.1951500000       -1.1839050000
                            0.0000000000
        5.8990980000        0.0120710000        0.8541620000       -1.6864020000
                            0.0000000000
        7.6688270000        0.0001950000        0.3723750000        1.8074580000
                            0.0000000000
! p functions
H   9   4
        0.1065790000       -0.0078200000       -0.0702080000       -0.0200080000
                            0.0000000000
        0.1480230000        0.0000000000        0.0000000000        0.0000000000
                            1.0000000000
        0.2522340000        0.0250980000        0.2283840000        0.1024860000
                            0.0000000000
        0.5339330000        0.1301420000       -1.0188390000       -1.1845100000
                            0.0000000000
        1.3254760000       -0.3717100000        1.6220110000        2.4827660000
                            0.0000000000
        2.0546880000        0.0455620000       -0.7232840000       -1.5251930000
                            0.0000000000
        2.6948110000        0.5125490000       -0.7599340000       -1.7916670000
                            0.0000000000
        4.3594940000        0.5220430000       -0.1021720000        3.1635440000
                            0.0000000000
        5.7482160000        0.1152120000        1.1163750000       -1.6977570000
                            0.0000000000
! d functions
H   8   3
        0.0056140000       -0.0815260000       -0.2263810000        0.0000000000
        0.0193660000        0.2421220000        0.9241470000        0.0000000000
        0.0434710000        0.3632300000        0.2380440000        0.0000000000
        0.1003780000        0.3630010000       -0.4282480000        0.0000000000
        0.2458940000        0.2794620000       -0.2945780000        0.0000000000
        0.2806880000        0.0000000000        0.0000000000        1.0000000000
        0.6201180000        0.0805980000       -0.0983930000        0.0000000000
        1.2912370000        0.0014950000        0.0005230000        0.0000000000
