! cc-pvdz-ecp-bfd
! s functions
H   7   3
        1.5349460000        0.0318220000        0.3717140000        0.0000000000
        1.1267660000       -0.2846920000       -1.4600400000        0.0000000000
        0.7915420000        0.1342930000        1.1259260000        0.0000000000
        0.1786400000        0.4477130000        1.5980450000        0.0000000000
        0.0737760000        0.5013010000       -1.3066710000        0.0000000000
        0.0589000000        0.0000000000        0.0000000000        1.0000000000
        0.0327800000        0.1438450000       -0.3282390000        0.0000000000
! p functions
H   3   1
        3.6190000000        0.0291050000
        0.7110000000        0.1694660000
        0.1951000000        0.5129690000
