! ano-pvdz-ecp-bfd
! s functions
H   9   4
        0.0263010000        0.0000000000        0.0000000000        0.0000000000
                            1.0000000000
        0.0266650000       -0.0688120000        0.0156990000       -0.0069480000
                            0.0000000000
        0.0677690000        0.1958410000       -0.0496350000        0.0569700000
                            0.0000000000
        0.3011170000       -0.4996430000        0.1454360000       -0.2666420000
                            0.0000000000
        0.5646800000        0.4868220000       -0.1475020000        0.5377660000
                            0.0000000000
        1.0345350000        0.4884750000       -0.2885720000        0.5573460000
                            0.0000000000
        4.4517590000        0.2486990000       -0.1733480000       -0.6003860000
                            0.0000000000
       10.3663180000        0.0121100000        0.7625920000       -1.6668580000
                            0.0000000000
       13.4773610000        0.0002840000        0.4176910000        1.7300970000
                            0.0000000000
! p functions
H   8   4
        0.0277720000        0.0000000000        0.0000000000        0.0000000000
                            1.0000000000
        0.1765370000        0.0273620000       -0.0062430000       -0.1433570000
                            0.0000000000
        0.4218000000       -0.0844840000        0.0483180000        0.3573900000
                            0.0000000000
        0.9187360000       -0.0766490000        0.5076480000       -0.2306400000
                            0.0000000000
        2.0446420000        0.2764020000       -1.0360160000       -0.6695540000
                            0.0000000000
        2.6657660000        0.4579560000       -0.3121490000       -0.4800280000
                            0.0000000000
        5.9006550000        0.3869950000        0.1901370000        2.2133880000
                            0.0000000000
        7.6756290000        0.0896350000        0.8568800000       -1.5904560000
                            0.0000000000
! d functions
H   7   3
        0.0327510000        0.0408050000        0.0382330000        0.0000000000
        0.0537000000        0.0000000000        0.0000000000        1.0000000000
        0.1008640000        0.1807180000        0.3864510000        0.0000000000
        0.3017580000        0.2999680000        0.5412240000        0.0000000000
        0.8488280000        0.3068630000       -0.1494000000        0.0000000000
        2.2390470000        0.3725980000       -0.3983450000        0.0000000000
        5.2629630000        0.2687350000       -0.2784150000        0.0000000000
