! ano-pvdz-ecp-bfd
! s functions
H   9   4
        0.0126610000       -0.0292410000        0.0077460000       -0.0909490000
                            0.0000000000
        0.0278830000        0.0983010000       -0.0278910000        0.2501390000
                            0.0000000000
        0.0707110000        0.0000000000        0.0000000000        0.0000000000
                            1.0000000000
        0.1721290000       -0.4891310000        0.1586150000       -1.3433570000
                            0.0000000000
        0.4008300000       -0.0898890000        0.0129780000        2.0956240000
                            0.0000000000
        0.6713920000        0.8516690000       -0.3313650000        0.8652530000
                            0.0000000000
        1.6483310000        0.4799020000       -0.2882640000       -2.0853560000
                            0.0000000000
        5.8426210000        0.0101250000        0.8245140000        0.3233320000
                            0.0000000000
        8.5503250000       -0.0031020000        0.3260600000        0.2133790000
                            0.0000000000
! p functions
H   8   4
        0.1024790000       -0.0003250000        0.0058470000        0.0060160000
                            0.0000000000
        0.1725910000        0.0000000000        0.0000000000        0.0000000000
                            1.0000000000
        0.2458900000        0.0827410000       -0.1893450000       -0.3383220000
                            0.0000000000
        0.5707410000       -0.2113110000        0.4614260000        0.9389880000
                            0.0000000000
        0.8728670000       -0.1177770000        0.0843120000       -1.7503000000
                            0.0000000000
        2.2449360000        0.4760900000       -1.4777170000       -0.1258340000
                            0.0000000000
        3.2177600000        0.5832380000        0.4965040000        2.3550140000
                            0.0000000000
        5.8890920000        0.1774610000        0.7433350000       -1.6178440000
                            0.0000000000
! d functions
H   7   3
        0.0090390000        0.0221980000        0.0170880000        0.0000000000
        0.0234040000       -0.0455680000       -0.1030400000        0.0000000000
        0.0605960000        0.1820910000        0.9960330000        0.0000000000
        0.2276730000        0.0000000000        0.0000000000        1.0000000000
        0.4029470000        0.3805720000        0.0080250000        0.0000000000
        1.8882190000        0.3705090000       -0.2207900000        0.0000000000
        2.4953950000        0.4085650000       -0.1214100000        0.0000000000
