! ano-pvdz-ecp-bfd
! s functions
H   7   3
        0.0792340000        0.0037840000        0.0019400000        0.0000000000
        0.1220000000        0.0000000000        0.0000000000        1.0000000000
        0.2072030000        0.0223880000       -0.0537970000        0.0000000000
        0.5519480000        0.0914140000       -0.0889520000        0.0000000000
        1.4934420000        0.1499800000       -0.4577850000        0.0000000000
        3.5466370000        0.3757840000       -0.2913350000        0.0000000000
        6.3592010000       -0.0986380000       -0.5406880000        0.0000000000
! p functions
H   1   1
        0.7270000000        1.0000000000
