! ano-pvdz-ecp-bfd
! s functions
H   7   3
        0.1400040000        0.0354590000       -0.0576270000        0.0000000000
        0.2976000000        0.0000000000        0.0000000000        1.0000000000
        0.3469000000        0.0968160000       -0.2050150000        0.0000000000
        0.8593070000        0.2145210000       -0.6251200000        0.0000000000
        2.1841040000        0.3400330000       -0.2498610000        0.0000000000
        5.8760240000        0.3490250000        0.7182940000        0.0000000000
       14.7245930000        0.1331380000        0.3689020000        0.0000000000
! p functions
H   1   1
        1.2750000000        1.0000000000
