! cc-pvdz-ecp-bfd
! s functions
H   9   4
       12.0690480000       -0.0707630000        0.0133220000       -0.0709420000
                            0.0000000000
        9.2794200000        0.1934280000       -0.0391900000        0.2372640000
                            0.0000000000
        3.8438240000       -0.4936530000        0.1117960000       -0.8329820000
                            0.0000000000
        0.9804950000        0.3658020000       -0.0897750000        2.3827440000
                            0.0000000000
        0.5079870000        0.5971020000       -0.2058320000       -0.6732820000
                            0.0000000000
        0.2351400000        0.2692100000       -0.1788140000       -1.3210240000
                            0.0000000000
        0.0385800000        0.0045690000        0.7226980000        0.2567220000
                            0.0000000000
        0.0182060000        0.0000000000        0.0000000000        0.0000000000
                            1.0000000000
        0.0165660000       -0.0011580000        0.4040780000        0.2001080000
                            0.0000000000
! p functions
H   8   4
        7.0640050000        0.0261860000       -0.0202780000        0.0565350000
                            0.0000000000
        5.4169530000       -0.0711470000        0.0583460000       -0.1829920000
                            0.0000000000
        2.7115170000       -0.1433380000        0.6365700000       -0.8206580000
                            0.0000000000
        2.0788240000        0.2677920000       -1.0499530000        2.1295380000
                            0.0000000000
        0.8540920000        0.4381070000       -0.7524030000       -0.7016560000
                            0.0000000000
        0.3740190000        0.4354100000        0.7310230000       -1.2130060000
                            0.0000000000
        0.1745190000        0.0000000000        0.0000000000        0.0000000000
                            1.0000000000
        0.1542830000        0.1297040000        0.4907630000        1.3256800000
                            0.0000000000
! d functions
H   7   3
        2.8002700000        0.0328130000        0.2800640000        0.0000000000
        0.8147430000        0.0819490000        0.7491560000        0.0000000000
        0.2141620000        0.0874350000        0.1326010000        0.0000000000
        0.0700000000        0.0000000000        0.0000000000        1.0000000000
        0.0524690000        0.2591920000       -0.0713150000        0.0000000000
        0.0161770000        0.6609470000       -0.1179150000        0.0000000000
        0.0052970000        0.2218360000       -0.0462670000        0.0000000000
