! cc-pvdz-ecp-bfd
! s functions
H   7   3
        1.4782600000        0.0442880000        0.1256650000        0.0000000000
        0.7302450000       -0.3024530000       -0.8566740000        0.0000000000
        0.3102230000        0.1150830000        1.2051570000        0.0000000000
        0.0920310000        0.6653540000        1.2230810000        0.0000000000
        0.0433350000        0.3413080000       -1.7345630000        0.0000000000
        0.0399900000        0.0000000000        0.0000000000        1.0000000000
        0.0196670000        0.0556950000        0.0222660000        0.0000000000
! p functions
H   6   1
        1.1524820000       -0.0330730000
        0.4806210000       -0.1433750000
        0.2841940000        0.3160430000
        0.1149040000        0.5575850000
        0.0604920000        0.3036140000
        0.0181830000        0.0219140000
