! cc-pvdz-ecp-bfd
! s functions
H   7   3
        1.4782600000        0.0165430000        0.0474760000        0.0000000000
        0.7302450000       -0.0703020000       -0.2031370000        0.0000000000
        0.3102230000       -0.1125230000       -0.0547020000        0.0000000000
        0.0920310000        0.2494900000        0.3058670000        0.0000000000
        0.0433350000       -0.0495360000        1.9132050000        0.0000000000
        0.0230700000        0.0000000000        0.0000000000        1.0000000000
        0.0196670000        0.9190110000       -1.9421720000        0.0000000000
! p functions
H   6   1
        1.1911760000        0.0080980000
        0.6882750000       -0.0465500000
        0.1583080000       -0.0096170000
        0.0944230000        0.2447090000
        0.0362690000        0.6177430000
        0.0147480000        0.2510680000
