S  9
  1        0.1473470000     0.15547300
  2        0.3121640000     0.49461700
  3        0.6613390000     0.52670500
  4        1.4010900000     0.02198600
  5        2.9683010000    -0.33853300
  6        6.2885390000     0.05602300
  7       13.3226770000    -0.00011500
  8       28.2249560000    -0.00059500
  9       59.7964020000     0.00012700
S  1
  1        0.1895940000     1.00000000
S  1
  1        0.7780400000     1.00000000
S  1
  1        0.9712660000     1.00000000
S  1
  1        1.9796120000     1.00000000
S  1
  1        0.0538000000     1.00000000
P  9
  1        0.0905800000     0.07910100
  2        0.1880850000     0.26071800
  3        0.3905480000     0.39506500
  4        0.8109530000     0.33495400
  5        1.6839020000     0.10746200
  6        3.4965350000    -0.07365700
  7        7.2603710000    -0.00140700
  8       15.0757810000     0.00171000
  9       31.3040690000    -0.00027500
P  1
  1        0.1339160000     1.00000000
P  1
  1        0.3561860000     1.00000000
P  1
  1        0.8335620000     1.00000000
P  1
  1        1.4309270000     1.00000000
P  1
  1        0.0402000000     1.00000000
D  1
  1        0.2681130000     1.00000000
D  1
  1        0.6977530000     1.00000000
D  1
  1        1.1853660000     1.00000000
D  1
  1        2.1181020000     1.00000000
D  1
  1        0.1210000000     1.00000000
F  1
  1        0.4224610000     1.00000000
F  1
  1        0.9737760000     1.00000000
F  1
  1        2.0206160000     1.00000000
F  1
  1        0.2090000000     1.00000000
G  1
  1        0.6952170000     1.00000000
G  1
  1        1.6901110000     1.00000000
G  1
  1        0.3340000000     1.00000000
H  1
  1        1.2589440000     1.00000000
H  1
  1        0.7420000000     1.00000000

