S  9
  1        0.0951200000     0.14007400
  2        0.2023850000     0.49094200
  3        0.4306110000     0.51529700
  4        0.9162030000     0.05032000
  5        1.9493880000    -0.29890800
  6        4.1476740000     0.01982700
  7        8.8249260000     0.00726600
  8       18.7766230000    -0.00160200
  9       39.9506560000     0.00027100
S  1
  1        0.1139180000     1.00000000
S  1
  1        0.2827900000     1.00000000
S  1
  1        0.6267020000     1.00000000
S  1
  1        1.3382260000     1.00000000
S  1
  1        0.0420000000     1.00000000
P  9
  1        0.0570870000     0.08193800
  2        0.1159010000     0.25182600
  3        0.2353050000     0.37634400
  4        0.4777230000     0.32090200
  5        0.9698890000     0.14377900
  6        1.9690990000    -0.04554300
  7        3.9977260000    -0.01719100
  8        8.1163070000     0.00258000
  9       16.4779790000    -0.00022200
P  1
  1        0.0791010000     1.00000000
P  1
  1        0.2106320000     1.00000000
P  1
  1        0.5225370000     1.00000000
P  1
  1        0.9244540000     1.00000000
P  1
  1        0.0294000000     1.00000000
D  1
  1        0.1865460000     1.00000000
D  1
  1        0.4623280000     1.00000000
D  1
  1        0.9555790000     1.00000000
D  1
  1        2.3343080000     1.00000000
D  1
  1        0.0794000000     1.00000000
F  1
  1        0.2743430000     1.00000000
F  1
  1        0.6615680000     1.00000000
F  1
  1        1.3895330000     1.00000000
F  1
  1        0.1188000000     1.00000000
G  1
  1        0.4866980000     1.00000000
G  1
  1        1.1664950000     1.00000000
G  1
  1        0.2200000000     1.00000000
H  1
  1        0.8394940000     1.00000000
H  1
  1        0.4720000000     1.00000000

