S  9
  1        0.0598870000     0.16749200
  2        0.1301080000     0.53255000
  3        0.2826680000     0.46429000
  4        0.6141150000    -0.00232200
  5        1.3342050000    -0.26823400
  6        2.8986450000     0.03192100
  7        6.2974930000    -0.00010600
  8       13.6817070000    -0.00014500
  9       29.7243870000     0.00006700
S  1
  1        0.0755000000     1.00000000
S  1
  1        0.1964590000     1.00000000
S  1
  1        0.4240360000     1.00000000
S  1
  1        0.9204860000     1.00000000
S  1
  1        0.0260000000     1.00000000
P  9
  1        0.0365250000     0.07876100
  2        0.0761370000     0.30833100
  3        0.1587120000     0.41777300
  4        0.3308430000     0.28167600
  5        0.6896580000     0.06987600
  6        1.4376250000    -0.05630600
  7        2.9967970000     0.00074400
  8        6.2469660000    -0.00025900
  9       13.0220970000    -0.00002200
P  1
  1        0.0481360000     1.00000000
P  1
  1        0.1158130000     1.00000000
P  1
  1        0.2385940000     1.00000000
P  1
  1        0.4969180000     1.00000000
P  1
  1        0.0192000000     1.00000000
D  1
  1        0.1279450000     1.00000000
D  1
  1        0.3530960000     1.00000000
D  1
  1        0.8054260000     1.00000000
D  1
  1        1.2476950000     1.00000000
D  1
  1        0.0468000000     1.00000000
F  1
  1        0.1728760000     1.00000000
F  1
  1        0.4022080000     1.00000000
F  1
  1        0.8330810000     1.00000000
F  1
  1        0.0735000000     1.00000000
G  1
  1        0.2998850000     1.00000000
G  1
  1        0.6470540000     1.00000000
G  1
  1        0.1510000000     1.00000000
H  1
  1        0.5575420000     1.00000000
H  1
  1        0.3230000000     1.00000000

