****
C      0
S   9   1.00
        0.0513440000     0.01399100
        0.1026190000     0.16985200
        0.2051000000     0.39752900
        0.4099240000     0.38036900
        0.8192970000     0.18011300
        1.6374940000    -0.03351200
        3.2727910000    -0.12149900
        6.5411870000     0.01517600
       13.0735940000    -0.00070500
S   1   1.00
        0.1278520000     1.00000000
S   1   1.00
        0.0469000000     1.00000000
P   9   1.00
        0.0292810000     0.00178700
        0.0585470000     0.05042600
        0.1170630000     0.19163400
        0.2340640000     0.30266700
        0.4680030000     0.28986800
        0.9357570000     0.21097900
        1.8710160000     0.11202400
        3.7410350000     0.05442500
        7.4800760000     0.02193100
P   1   1.00
        0.1491610000     1.00000000
P   1   1.00
        0.0404100000     1.00000000
D   1   1.00
        0.5611600000     1.00000000
D   1   1.00
        0.1510000000     1.00000000
****
