****
He     0
S   9   1.00
        0.0777860000     0.01242500
        0.1615280000     0.12825100
        0.3354250000     0.28222100
        0.6965350000     0.29242700
        1.4464080000     0.21502500
        3.0035760000     0.12545000
        6.2371540000     0.06491200
       12.9519260000     0.03889200
       26.8956620000     0.00253100
S   1   1.00
        0.3217500000     1.00000000
S   1   1.00
        0.0725500000     1.00000000
P   8   1.00
        0.2285280000    -0.00011600
        0.4220190000     2.11695000
        0.7793330000    -2.18295400
        1.4391800000     1.54585000
        2.6577060000    -0.87947700
        4.9079340000     0.46971000
        9.0633860000    -0.22463100
       16.7371800000     0.09842200
P   1   1.00
        0.2473000000     1.00000000
****
