****
Na     0
S   9   1.00
        0.0130610000     0.20011800
        0.0300410000     0.46765200
        0.0690920000     0.22773800
        0.1589080000    -0.06158100
        0.3654810000    -0.13753300
        0.8405890000     0.00332300
        1.9333150000     0.00374100
        4.4465330000    -0.00111700
       10.2268160000     0.00024400
S   1   1.00
        0.8651350000     1.00000000
S   1   1.00
        0.0072500000     1.00000000
P   9   1.00
        0.0025930000    -0.00284000
        0.0067410000     0.00534000
        0.0175250000    -0.02593600
        0.0455630000    -0.05346600
        0.1184610000    -0.05369100
        0.3079870000     0.01443900
        0.8007380000     0.00619900
        2.0818470000    -0.00102600
        5.4126170000     0.00016800
P   1   1.00
        0.1060250000     1.00000000
P   1   1.00
        0.0063300000     1.00000000
D   1   1.00
        0.0507900000     1.00000000
D   1   1.00
        0.0468000000     1.00000000
****
