S  6
  1        0.0792340000     0.00378400
  2        0.2072030000     0.02238800
  3        0.5519480000     0.09141400
  4        1.4934420000     0.14998000
  5        3.5466370000     0.37578400
  6        6.3592010000    -0.09863800
S  6
  1        0.0792340000     0.00194000
  2        0.2072030000    -0.05379700
  3        0.5519480000    -0.08895200
  4        1.4934420000    -0.45778500
  5        3.5466370000    -0.29133500
  6        6.3592010000    -0.54068800
S  1
  1        0.1220000000     1.00000000
P  1
  1        0.7270000000     1.00000000

