S  8
  1        0.0165660000    -0.07076300
  2        0.0385800000     0.19342800
  3        0.2351400000    -0.49365300
  4        0.5079870000     0.36580200
  5        0.9804950000     0.59710200
  6        3.8438240000     0.26921000
  7        9.2794200000     0.00456900
  8       12.0690480000    -0.00115800
S  8
  1        0.0165660000     0.01332200
  2        0.0385800000    -0.03919000
  3        0.2351400000     0.11179600
  4        0.5079870000    -0.08977500
  5        0.9804950000    -0.20583200
  6        3.8438240000    -0.17881400
  7        9.2794200000     0.72269800
  8       12.0690480000     0.40407800
S  8
  1        0.0165660000    -0.07094200
  2        0.0385800000     0.23726400
  3        0.2351400000    -0.83298200
  4        0.5079870000     2.38274400
  5        0.9804950000    -0.67328200
  6        3.8438240000    -1.32102400
  7        9.2794200000     0.25672200
  8       12.0690480000     0.20010800
S  1
  1        0.0182060000     1.00000000
P  7
  1        0.1542830000     0.02618600
  2        0.3740190000    -0.07114700
  3        0.8540920000    -0.14333800
  4        2.0788240000     0.26779200
  5        2.7115170000     0.43810700
  6        5.4169530000     0.43541000
  7        7.0640050000     0.12970400
P  7
  1        0.1542830000    -0.02027800
  2        0.3740190000     0.05834600
  3        0.8540920000     0.63657000
  4        2.0788240000    -1.04995300
  5        2.7115170000    -0.75240300
  6        5.4169530000     0.73102300
  7        7.0640050000     0.49076300
P  7
  1        0.1542830000     0.05653500
  2        0.3740190000    -0.18299200
  3        0.8540920000    -0.82065800
  4        2.0788240000     2.12953800
  5        2.7115170000    -0.70165600
  6        5.4169530000    -1.21300600
  7        7.0640050000     1.32568000
P  1
  1        0.1745190000     1.00000000
D  6
  1        0.0052970000     0.03281300
  2        0.0161770000     0.08194900
  3        0.0524690000     0.08743500
  4        0.2141620000     0.25919200
  5        0.8147430000     0.66094700
  6        2.8002700000     0.22183600
D  6
  1        0.0052970000     0.28006400
  2        0.0161770000     0.74915600
  3        0.0524690000     0.13260100
  4        0.2141620000    -0.07131500
  5        0.8147430000    -0.11791500
  6        2.8002700000    -0.04626700
D  1
  1        0.0700000000     1.00000000

