S  6
  1        1.8659900000     0.00588700
  2        0.7259950000    -0.05775100
  3        0.3092510000    -0.11178900
  4        0.1103130000     0.36160500
  5        0.0488740000    -0.24155400
  6        0.0217680000     1.02790200
S  6
  1        1.8659900000     0.02156800
  2        0.7259950000    -0.16253900
  3        0.3092510000     0.00023100
  4        0.1103130000     0.10430300
  5        0.0488740000     2.11228800
  6        0.0217680000    -1.97480300
S  1
  1        0.0280500000     1.00000000
P  3
  1        1.5340000000     0.02278600
  2        0.2749000000     0.13910200
  3        0.0736200000     0.50037500

