****
B      0
S   9   1.00
        0.0405690000     0.03203100
        0.0810440000     0.24331700
        0.1618980000     0.43463600
        0.3234180000     0.32958100
        0.6460800000     0.11187500
        1.2906480000    -0.07869900
        2.5782760000    -0.09878100
        5.1505200000     0.01616400
       10.2889900000    -0.00001600
S   1   1.00
        0.0829680000     1.00000000
S   1   1.00
        0.3051330000     1.00000000
S   1   1.00
        0.4222170000     1.00000000
P   9   1.00
        0.0292070000     0.01990900
        0.0584080000     0.14177500
        0.1168030000     0.29446300
        0.2335820000     0.30902800
        0.4671150000     0.23637800
        0.9341320000     0.13131700
        1.8680680000     0.06645400
        3.7357430000     0.02124800
        7.4707010000     0.00283700
P   1   1.00
        0.0664450000     1.00000000
P   1   1.00
        0.1966140000     1.00000000
P   1   1.00
        0.4470310000     1.00000000
D   1   1.00
        0.1491000000     1.00000000
D   1   1.00
        0.4107330000     1.00000000
D   1   1.00
        1.1426140000     1.00000000
F   1   1.00
        0.3159020000     1.00000000
F   1   1.00
        0.8700110000     1.00000000
G   1   1.00
        0.7107460000     1.00000000
****
