****
F      0
S   9   1.00
       68.5024330000     0.07024000
       32.4273480000     0.31108800
       15.3503000000     0.44467500
        7.2664510000     0.28701100
        3.4397570000     0.01875900
        1.6282950000    -0.12860800
        0.7707950000     0.00910400
        0.3648750000     0.00081000
        0.1727230000    -0.00013300
S   1   1.00
        0.2943450000     1.00000000
S   1   1.00
        1.0480130000     1.00000000
S   1   1.00
        1.7056530000     1.00000000
P   9   1.00
       28.4307990000     0.03532100
       14.0477370000     0.13692400
        6.9410260000     0.24935300
        3.4295800000     0.28662000
        1.6945650000     0.25454100
        0.8372890000     0.16957200
        0.4137070000     0.08854200
        0.2044140000     0.03984300
        0.1010010000     0.00337800
P   1   1.00
        0.2058060000     1.00000000
P   1   1.00
        0.6472400000     1.00000000
P   1   1.00
        1.6506880000     1.00000000
D   1   1.00
        0.5873540000     1.00000000
D   1   1.00
        1.7243920000     1.00000000
D   1   1.00
        4.9980850000     1.00000000
F   1   1.00
        1.1781470000     1.00000000
F   1   1.00
        3.6942850000     1.00000000
G   1   1.00
        2.4065830000     1.00000000
****
