****
He     0
S   9   1.00
       26.8956620000     0.01242500
       12.9519260000     0.12825100
        6.2371540000     0.28222100
        3.0035760000     0.29242700
        1.4464080000     0.21502500
        0.6965350000     0.12545000
        0.3354250000     0.06491200
        0.1615280000     0.03889200
        0.0777860000     0.00253100
S   1   1.00
        0.9372280000     1.00000000
S   1   1.00
        1.2235670000     1.00000000
S   1   1.00
        0.2291630000     1.00000000
P   8   1.00
       16.7371800000    -0.00011600
        9.0633860000     2.11695000
        4.9079340000    -2.18295400
        2.6577060000     1.54585000
        1.4391800000    -0.87947700
        0.7793330000     0.46971000
        0.4220190000    -0.22463100
        0.2285280000     0.09842200
P   1   1.00
        3.8887670000     1.00000000
P   1   1.00
        1.0154920000     1.00000000
D   1   1.00
        0.9394020000     1.00000000
D   1   1.00
        3.0543710000     1.00000000
F   1   1.00
        1.0214270000     1.00000000
****
