****
O      0
S   9   1.00
        0.1253460000     0.05574100
        0.2680220000     0.30484800
        0.5730980000     0.45375200
        1.2254290000     0.29592600
        2.6202770000     0.01956700
        5.6028180000    -0.12862700
       11.9802450000     0.01202400
       25.6168010000     0.00040700
       54.7752160000    -0.00007600
S   1   1.00
        0.2243800000     1.00000000
S   1   1.00
        0.8431570000     1.00000000
S   1   1.00
        1.3517710000     1.00000000
P   9   1.00
        0.0835980000     0.04495800
        0.1670170000     0.15017500
        0.3336730000     0.25599900
        0.6666270000     0.28187900
        1.3318160000     0.24283500
        2.6607610000     0.16113400
        5.3157850000     0.08230800
       10.6201080000     0.03989900
       21.2173180000     0.00467900
P   1   1.00
        0.1485620000     1.00000000
P   1   1.00
        0.4523640000     1.00000000
P   1   1.00
        1.1067370000     1.00000000
D   1   1.00
        0.4557110000     1.00000000
D   1   1.00
        1.3443310000     1.00000000
D   1   1.00
        4.0088670000     1.00000000
F   1   1.00
        0.8762890000     1.00000000
F   1   1.00
        2.7631150000     1.00000000
G   1   1.00
        1.7590810000     1.00000000
****
