****
Si     0
S   9   1.00
       29.7243870000     0.16749200
       13.6817070000     0.53255000
        6.2974930000     0.46429000
        2.8986450000    -0.00232200
        1.3342050000    -0.26823400
        0.6141150000     0.03192100
        0.2826680000    -0.00010600
        0.1301080000    -0.00014500
        0.0598870000     0.00006700
S   1   1.00
        0.0799000000     1.00000000
S   1   1.00
        0.2060240000     1.00000000
S   1   1.00
        0.4350170000     1.00000000
P   9   1.00
       13.0220970000     0.07876100
        6.2469660000     0.30833100
        2.9967970000     0.41777300
        1.4376250000     0.28167600
        0.6896580000     0.06987600
        0.3308430000    -0.05630600
        0.1587120000     0.00074400
        0.0761370000    -0.00025900
        0.0365250000    -0.00002200
P   1   1.00
        0.0545750000     1.00000000
P   1   1.00
        0.5991120000     1.00000000
P   1   1.00
        0.1346810000     1.00000000
D   1   1.00
        0.1331180000     1.00000000
D   1   1.00
        0.3509670000     1.00000000
D   1   1.00
        1.0639610000     1.00000000
F   1   1.00
        0.2113190000     1.00000000
F   1   1.00
        0.5359320000     1.00000000
G   1   1.00
        0.4653650000     1.00000000
****
