s, Ar, 0.1473470000, 0.3121640000, 0.6613390000, 1.4010900000, 2.9683010000, 6.2885390000, 13.3226770000, 28.2249560000, 59.7964020000, 0.0709000000, 0.1475260000
c, 1.9, 0.15547300, 0.49461700, 0.52670500, 0.02198600, -0.33853300, 0.05602300, -0.00011500, -0.00059500, 0.00012700
c, 11.11, 1.00000000
c, 10.10, 1.00000000
p, Ar, 0.0905800000, 0.1880850000, 0.3905480000, 0.8109530000, 1.6839020000, 3.4965350000, 7.2603710000, 15.0757810000, 31.3040690000, 0.0533000000, 0.2117980000
c, 1.9, 0.07910100, 0.26071800, 0.39506500, 0.33495400, 0.10746200, -0.07365700, -0.00140700, 0.00171000, -0.00027500
c, 11.11, 1.00000000
c, 10.10, 1.00000000
d, Ar, 0.2400000000, 0.8108880000
c, 2.2, 1.00000000
c, 1.1, 1.00000000
