s, Be, 0.0300680000, 0.0540020000, 0.0969860000, 0.1741860000, 0.3128360000, 0.5618500000, 1.0090770000, 1.8122900000, 3.2548520000, 0.0187700000, 0.2393920000
c, 1.9, 0.02510500, 0.17889000, 0.26393900, 0.43594600, -0.00818800, 0.04950900, -0.11457600, -0.06720700, 0.01725000
c, 11.11, 1.00000000
c, 10.10, 1.00000000
p, Be, 0.0150640000, 0.0285840000, 0.0542360000, 0.1029110000, 0.1952690000, 0.3705130000, 0.7030300000, 1.3339670000, 2.5311390000, 0.0085000000, 0.2229690000
c, 1.9, 0.73505200, -0.47621400, 0.56480600, -0.10857500, 0.23386200, -0.00900300, 0.06751000, -0.00286800, 0.01786900
c, 11.11, 1.00000000
c, 10.10, 1.00000000
d, Be, 0.0740000000, 0.2173400000
c, 2.2, 1.00000000
c, 1.1, 1.00000000
