s, Ge, 0.0339610000, 0.0437810000, 0.0662870000, 0.1501280000, 0.3400130000, 0.7700640000, 1.7440490000, 3.9499400000, 8.9458640000, 20.2606870000, 45.8866140000
c, 3.11, 0.21323000, 0.60557000, 0.41344200, -0.10635600, -0.36457900, 0.12744800, -0.01716600, 0.00245400, -0.00035500
c, 2.2, 1.00000000
c, 1.1, 1.00000000
p, Ge, 0.0365110000, 0.0805240000, 0.1775930000, 0.3916770000, 0.8638320000, 1.9051570000, 4.2017720000, 9.2668920000, 20.4378730000, 0.0239450000, 0.0747260000
c, 1.9, 0.09868000, 0.37229000, 0.44383600, 0.23258500, 0.00005800, -0.10828200, 0.02189400, -0.00191100, 0.00018100
c, 11.11, 1.00000000
c, 10.10, 1.00000000
d, Ge, 0.0771000000, 0.2342780000
c, 2.2, 1.00000000
c, 1.1, 1.00000000
