s, Ne, 0.2058350000, 0.3913840000, 0.7441960000, 1.4150480000, 2.6906380000, 5.1161030000, 9.7279940000, 18.4972560000, 35.1715340000, 0.1230000000, 0.4553830000
c, 1.9, 0.05751400, 0.21577600, 0.37479900, 0.32631300, 0.16638300, -0.03914900, -0.08590900, 0.00681600, 0.00020600
c, 11.11, 1.00000000
c, 10.10, 1.00000000
p, Ne, 0.1217720000, 0.2382480000, 0.4661360000, 0.9120020000, 1.7843440000, 3.4910950000, 6.8303780000, 13.3637320000, 26.1463320000, 0.1064000000, 0.4722240000
c, 1.9, 0.02994300, 0.11420000, 0.21961800, 0.26886400, 0.25693200, 0.19137800, 0.11217600, 0.06331700, 0.00805700
c, 11.11, 1.00000000
c, 10.10, 1.00000000
d, Ne, 0.6310000000, 2.3715330000
c, 2.2, 1.00000000
c, 1.1, 1.00000000
