s, Si, 0.0332000000, 0.0598030000, 0.0598870000, 0.1301080000, 0.2826680000, 0.6141150000, 1.3342050000, 2.8986450000, 6.2974930000, 13.6817070000, 29.7243870000
c, 3.11, 0.16749200, 0.53255000, 0.46429000, -0.00232200, -0.26823400, 0.03192100, -0.00010600, -0.00014500, 0.00006700
c, 2.2, 1.00000000
c, 1.1, 1.00000000
p, Si, 0.0365250000, 0.0761370000, 0.1587120000, 0.3308430000, 0.6896580000, 1.4376250000, 2.9967970000, 6.2469660000, 13.0220970000, 0.0250000000, 0.0815700000
c, 1.9, 0.07876100, 0.30833100, 0.41777300, 0.28167600, 0.06987600, -0.05630600, 0.00074400, -0.00025900, -0.00002200
c, 11.11, 1.00000000
c, 10.10, 1.00000000
d, Si, 0.0823000000, 0.2836260000
c, 2.2, 1.00000000
c, 1.1, 1.00000000
