
C:cc-pvqz-ecp-bfd


  5
    0    1    2    3    4
    4    4    3    2    1
   12   12    3    2    1

    13.07359400     6.54118700     3.27279100     1.63749400     0.84687900
     0.81929700     0.40992400     0.26965900     0.20510000     0.10957600
     0.10261900     0.05134400

     0.01399100     0.00000000     0.00000000     0.00000000
     0.16985200     0.00000000     0.00000000     0.00000000
     0.39752900     0.00000000     0.00000000     0.00000000
     0.38036900     0.00000000     0.00000000     0.00000000
     0.00000000     0.00000000     1.00000000     0.00000000
     0.18011300     0.00000000     0.00000000     0.00000000
    -0.03351200     0.00000000     0.00000000     0.00000000
     0.00000000     0.00000000     0.00000000     1.00000000
    -0.12149900     0.00000000     0.00000000     0.00000000
     0.00000000     1.00000000     0.00000000     0.00000000
     0.01517600     0.00000000     0.00000000     0.00000000
    -0.00070500     0.00000000     0.00000000     0.00000000

     7.48007600     3.74103500     1.87101600     0.93575700     0.80468100
     0.46800300     0.31325400     0.23406400     0.11706300     0.10538900
     0.05854700     0.02928100

     0.00178700     0.00000000     0.00000000     0.00000000
     0.05042600     0.00000000     0.00000000     0.00000000
     0.19163400     0.00000000     0.00000000     0.00000000
     0.30266700     0.00000000     0.00000000     0.00000000
     0.00000000     0.00000000     0.00000000     1.00000000
     0.28986800     0.00000000     0.00000000     0.00000000
     0.00000000     0.00000000     1.00000000     0.00000000
     0.21097900     0.00000000     0.00000000     0.00000000
     0.11202400     0.00000000     0.00000000     0.00000000
     0.00000000     1.00000000     0.00000000     0.00000000
     0.05442500     0.00000000     0.00000000     0.00000000
     0.02193100     0.00000000     0.00000000     0.00000000

     2.01376000     0.68488400     0.24017100

     0.00000000     0.00000000     1.00000000
     0.00000000     1.00000000     0.00000000
     1.00000000     0.00000000     0.00000000

     1.32493000     0.45730200

     0.00000000     1.00000000
     1.00000000     0.00000000

     1.03418000

     1.00000000

