
F:cc-pvqz-ecp-bfd


  5
    0    1    2    3    4
    4    4    3    2    1
   12   12    3    2    1

    68.50243300    32.42734800    15.35030000     7.26645100     3.43975700
     1.70565300     1.62829500     1.04801300     0.77079500     0.36487500
     0.29434500     0.17272300

     0.07024000     0.00000000     0.00000000     0.00000000
     0.31108800     0.00000000     0.00000000     0.00000000
     0.44467500     0.00000000     0.00000000     0.00000000
     0.28701100     0.00000000     0.00000000     0.00000000
     0.01875900     0.00000000     0.00000000     0.00000000
     0.00000000     0.00000000     0.00000000     1.00000000
    -0.12860800     0.00000000     0.00000000     0.00000000
     0.00000000     0.00000000     1.00000000     0.00000000
     0.00910400     0.00000000     0.00000000     0.00000000
     0.00081000     0.00000000     0.00000000     0.00000000
     0.00000000     1.00000000     0.00000000     0.00000000
    -0.00013300     0.00000000     0.00000000     0.00000000

    28.43079900    14.04773700     6.94102600     3.42958000     1.69456500
     1.65068800     0.83728900     0.64724000     0.41370700     0.20580600
     0.20441400     0.10100100

     0.03532100     0.00000000     0.00000000     0.00000000
     0.13692400     0.00000000     0.00000000     0.00000000
     0.24935300     0.00000000     0.00000000     0.00000000
     0.28662000     0.00000000     0.00000000     0.00000000
     0.25454100     0.00000000     0.00000000     0.00000000
     0.00000000     0.00000000     0.00000000     1.00000000
     0.16957200     0.00000000     0.00000000     0.00000000
     0.00000000     0.00000000     1.00000000     0.00000000
     0.08854200     0.00000000     0.00000000     0.00000000
     0.00000000     1.00000000     0.00000000     0.00000000
     0.03984300     0.00000000     0.00000000     0.00000000
     0.00337800     0.00000000     0.00000000     0.00000000

     4.99808500     1.72439200     0.58735400

     0.00000000     0.00000000     1.00000000
     0.00000000     1.00000000     0.00000000
     1.00000000     0.00000000     0.00000000

     3.69428500     1.17814700

     0.00000000     1.00000000
     1.00000000     0.00000000

     2.40658300

     1.00000000

