
Na:cc-pvqz-ecp-bfd


  5
    0    1    2    3    4
    4    4    3    2    1
   12   12    3    2    1

    10.22681600     4.44653300     1.93331500     1.13445800     0.84058900
     0.77104600     0.36548100     0.15890800     0.06909200     0.06491500
     0.03004100     0.01306100

     0.20011800     0.00000000     0.00000000     0.00000000
     0.46765200     0.00000000     0.00000000     0.00000000
     0.22773800     0.00000000     0.00000000     0.00000000
     0.00000000     0.00000000     1.00000000     0.00000000
    -0.06158100     0.00000000     0.00000000     0.00000000
     0.00000000     0.00000000     0.00000000     1.00000000
    -0.13753300     0.00000000     0.00000000     0.00000000
     0.00332300     0.00000000     0.00000000     0.00000000
     0.00374100     0.00000000     0.00000000     0.00000000
     0.00000000     1.00000000     0.00000000     0.00000000
    -0.00111700     0.00000000     0.00000000     0.00000000
     0.00024400     0.00000000     0.00000000     0.00000000

     5.41261700     2.08184700     0.80073800     0.55297600     0.30798700
     0.11846100     0.09671400     0.05966200     0.04556300     0.01752500
     0.00674100     0.00259300

    -0.00284000     0.00000000     0.00000000     0.00000000
     0.00534000     0.00000000     0.00000000     0.00000000
    -0.02593600     0.00000000     0.00000000     0.00000000
     0.00000000     0.00000000     0.00000000     1.00000000
    -0.05346600     0.00000000     0.00000000     0.00000000
    -0.05369100     0.00000000     0.00000000     0.00000000
     0.00000000     0.00000000     1.00000000     0.00000000
     0.00000000     1.00000000     0.00000000     0.00000000
     0.01443900     0.00000000     0.00000000     0.00000000
     0.00619900     0.00000000     0.00000000     0.00000000
    -0.00102600     0.00000000     0.00000000     0.00000000
     0.00016800     0.00000000     0.00000000     0.00000000

     0.81386800     0.12778000     0.04691700

     0.00000000     1.00000000     0.00000000
     0.00000000     0.00000000     1.00000000
     1.00000000     0.00000000     0.00000000

     0.62642900     0.12999200

     0.00000000     1.00000000
     1.00000000     0.00000000

     0.58877800

     1.00000000

