
Ne:cc-pvqz-ecp-bfd


  5
    0    1    2    3    4
    4    4    3    2    1
   12   12    3    2    1

    35.17153400    18.49725600     9.72799400     5.11610300     2.69063800
     2.26115900     1.65840200     1.41504800     0.74419600     0.39918600
     0.39138400     0.20583500

     0.05751400     0.00000000     0.00000000     0.00000000
     0.21577600     0.00000000     0.00000000     0.00000000
     0.37479900     0.00000000     0.00000000     0.00000000
     0.32631300     0.00000000     0.00000000     0.00000000
     0.16638300     0.00000000     0.00000000     0.00000000
     0.00000000     0.00000000     0.00000000     1.00000000
     0.00000000     0.00000000     1.00000000     0.00000000
    -0.03914900     0.00000000     0.00000000     0.00000000
    -0.08590900     0.00000000     0.00000000     0.00000000
     0.00000000     1.00000000     0.00000000     0.00000000
     0.00681600     0.00000000     0.00000000     0.00000000
     0.00020600     0.00000000     0.00000000     0.00000000

    26.14633200    13.36373200     6.83037800     3.49109500     1.93837600
     1.78434400     0.91200200     0.75734200     0.46613600     0.24521500
     0.23824800     0.12177200

     0.02994300     0.00000000     0.00000000     0.00000000
     0.11420000     0.00000000     0.00000000     0.00000000
     0.21961800     0.00000000     0.00000000     0.00000000
     0.26886400     0.00000000     0.00000000     0.00000000
     0.00000000     0.00000000     0.00000000     1.00000000
     0.25693200     0.00000000     0.00000000     0.00000000
     0.19137800     0.00000000     0.00000000     0.00000000
     0.00000000     0.00000000     1.00000000     0.00000000
     0.11217600     0.00000000     0.00000000     0.00000000
     0.00000000     1.00000000     0.00000000     0.00000000
     0.06331700     0.00000000     0.00000000     0.00000000
     0.00805700     0.00000000     0.00000000     0.00000000

     6.17022400     2.18875100     0.73813100

     0.00000000     0.00000000     1.00000000
     0.00000000     1.00000000     0.00000000
     1.00000000     0.00000000     0.00000000

     4.84940200     1.58998600

     0.00000000     1.00000000
     1.00000000     0.00000000

     3.22879300

     1.00000000

