
Al:cc-pvdz-ecp-bfd


  3
    0    1    2
    2    2    1
   10   10    1

     0.04402400     0.04551800     0.10030800     0.22105100     0.48713200
     1.07350000     2.36568600     5.21329400    11.48860600    25.31759700

     0.00000000     1.00000000
     0.20619300     0.00000000
     0.55988700     0.00000000
     0.40785200     0.00000000
    -0.04109800     0.00000000
    -0.23865200     0.00000000
     0.03813200     0.00000000
    -0.00393500     0.00000000
     0.00047000     0.00000000
    -0.00001400     0.00000000

     0.01484800     0.03096700     0.06458600     0.13470000     0.20663100
     0.28093200     0.58591300     1.22198500     2.54857800     5.31533000

     0.00993200     0.00000000
     0.16021200     0.00000000
     0.38917100     0.00000000
     0.37323500     0.00000000
     0.00000000     1.00000000
     0.19580000     0.00000000
     0.02294700     0.00000000
    -0.05329300     0.00000000
     0.00484600     0.00000000
    -0.00072600     0.00000000

     0.19307900

     1.00000000

