
As:cc-pvdz-ecp-bfd


  3
    0    1    2
    2    2    1
   10   10    1

    52.18393700    23.19159300    10.30681100     4.58055500     2.03569100
     0.90470200     0.40206800     0.17868700     0.07941200     0.05148000

     0.19204300     0.00000000
     0.61168200     0.00000000
     0.43926100     0.00000000
    -0.11028000     0.00000000
    -0.39417900     0.00000000
     0.14563200     0.00000000
    -0.02137900     0.00000000
     0.00320500     0.00000000
    -0.00046900     0.00000000
     0.00000000     1.00000000

    22.85211500    10.64407100     4.95780200     2.30924800     1.07560300
     0.50099500     0.23335400     0.10869200     0.09562300     0.05062600

     0.10505800     0.00000000
     0.36181900     0.00000000
     0.45210700     0.00000000
     0.23124300     0.00000000
    -0.00954900     0.00000000
    -0.12176700     0.00000000
     0.02864800     0.00000000
    -0.00294100     0.00000000
     0.00000000     1.00000000
     0.00029300     0.00000000

     0.29765200

     1.00000000

