
At:cc-pvdz-ecp-bfd


  3
    0    1    2
    2    2    1
   10   10    1

    24.70447200    12.40955800     6.23357300     3.13125000     1.57289100
     0.79009500     0.39688100     0.19936100     0.10014300     0.04270100

     0.22529000     0.00000000
     0.60154100     0.00000000
     0.51560900     0.00000000
    -0.01016700     0.00000000
    -0.99610200     0.00000000
     0.58871700     0.00000000
    -0.15241500     0.00000000
     0.02800000     0.00000000
    -0.00375900     0.00000000
     0.00000000     1.00000000

    10.86887900     5.59610700     2.88129200     1.48350300     0.76381800
     0.39327000     0.20248500     0.10425400     0.07457000     0.05367800

     0.12622400     0.00000000
     0.30830000     0.00000000
     0.45845500     0.00000000
     0.28399800     0.00000000
     0.00724100     0.00000000
    -0.31923700     0.00000000
     0.13619300     0.00000000
    -0.02484900     0.00000000
     0.00000000     1.00000000
     0.00268000     0.00000000

     0.20477900

     1.00000000

