
Bi:cc-pvdz-ecp-bfd


  3
    0    1    2
    2    2    1
   10   10    1

    21.04947300    10.52510700     5.26273900     2.63146200     1.31577700
     0.65791200     0.32896800     0.16449000     0.08224800     0.03323200

     0.28238600     0.00000000
     0.59349400     0.00000000
     0.42421600     0.00000000
     0.03847200     0.00000000
    -0.99922700     0.00000000
     0.59847200     0.00000000
    -0.16039400     0.00000000
     0.03046500     0.00000000
    -0.00416800     0.00000000
     0.00000000     1.00000000

     9.31630100     4.78067100     2.45320700     1.25886600     0.64598800
     0.33149000     0.17010400     0.08728900     0.06107100     0.04479300

     0.14366400     0.00000000
     0.34715300     0.00000000
     0.46013000     0.00000000
     0.21092200     0.00000000
     0.00517500     0.00000000
    -0.29326100     0.00000000
     0.13104700     0.00000000
    -0.02539400     0.00000000
     0.00000000     1.00000000
     0.00289300     0.00000000

     0.16853400

     1.00000000

