
Br:cc-pvdz-ecp-bfd


  3
    0    1    2
    2    2    1
   10   10    1

    64.61023400    29.27010000    13.26010900     6.00717100     2.72140300
     1.23286600     0.55852000     0.25302400     0.11462600     0.07471200

     0.19983200     0.00000000
     0.60580600     0.00000000
     0.48641400     0.00000000
    -0.20896400     0.00000000
    -0.32844800     0.00000000
     0.11847100     0.00000000
    -0.01311200     0.00000000
     0.00120600     0.00000000
    -0.00012100     0.00000000
     0.00000000     1.00000000

    29.91970300    13.98035300     6.53249400     3.05238900     1.42626700
     0.66644100     0.31140300     0.14550700     0.12965400     0.06799000

     0.10799200     0.00000000
     0.33186000     0.00000000
     0.44287100     0.00000000
     0.28325600     0.00000000
    -0.02604500     0.00000000
    -0.11132300     0.00000000
     0.02171200     0.00000000
    -0.00118800     0.00000000
     0.00000000     1.00000000
     0.00002200     0.00000000

     0.41729600

     1.00000000

