
Ga:cc-pvdz-ecp-bfd


  3
    0    1    2
    2    2    1
   10   10    1

    37.86436700    16.71587900     7.37951400     3.25781400     1.43821800
     0.63492600     0.28029900     0.12374300     0.05462800     0.03189800

     0.25317100     0.00000000
     0.59829500     0.00000000
     0.35690900     0.00000000
    -0.05654400     0.00000000
    -0.41126600     0.00000000
     0.15607900     0.00000000
    -0.02514200     0.00000000
     0.00408900     0.00000000
    -0.00062200     0.00000000
     0.00000000     1.00000000

    16.35863200     7.41676400     3.36265200     1.52457700     0.69122100
     0.31338900     0.14208600     0.06442000     0.02920700     0.02715500

     0.75940000     0.00000000
    -0.02205900     0.00000000
     0.36825200     0.00000000
     0.05114200     0.00000000
     0.03665500     0.00000000
    -0.07858900     0.00000000
     0.01778100     0.00000000
    -0.00249800     0.00000000
     0.00038600     0.00000000
     0.00000000     1.00000000

     0.18231100

     1.00000000

