
He:cc-pvdz-ecp-bfd


  2
    0    1
    2    1
   10    8

     0.07778600     0.16152800     0.32175000     0.33542500     0.69653500
     1.44640800     3.00357600     6.23715400    12.95192600    26.89566200

     0.01242500     0.00000000
     0.12825100     0.00000000
     0.00000000     1.00000000
     0.28222100     0.00000000
     0.29242700     0.00000000
     0.21502500     0.00000000
     0.12545000     0.00000000
     0.06491200     0.00000000
     0.03889200     0.00000000
     0.00253100     0.00000000

     0.22852800     0.42201900     0.77933300     1.43918000     2.65770600
     4.90793400     9.06338600    16.73718000

    -0.00011600
     2.11695000
    -2.18295400
     1.54585000
    -0.87947700
     0.46971000
    -0.22463100
     0.09842200

