
In:cc-pvdz-ecp-bfd


  3
    0    1    2
    2    2    1
   10   10    1

     0.02401100     0.04851300     0.10432700     0.22435400     0.48246900
     1.03754200     2.23121700     4.79819300    10.31843000    22.18960500

     0.00000000     1.00000000
     0.26656000     0.00000000
     0.59534500     0.00000000
     0.37765400     0.00000000
    -0.03640400     0.00000000
    -0.58100500     0.00000000
     0.27026500     0.00000000
    -0.05371500     0.00000000
     0.00896100     0.00000000
    -0.00128300     0.00000000

     0.02288700     0.02489800     0.05245500     0.11051300     0.23283200
     0.49053400     1.03346800     2.17733100     4.58724500     9.66450000

     0.00000000     1.00000000
     0.73935800     0.00000000
    -0.04833000     0.00000000
     0.41437700     0.00000000
     0.04630700     0.00000000
     0.04798000     0.00000000
    -0.12431600     0.00000000
     0.03747100     0.00000000
    -0.00601100     0.00000000
     0.00083500     0.00000000

     0.13621300

     1.00000000

