
Ne:cc-pvdz-ecp-bfd


  3
    0    1    2
    2    2    1
   10   10    1

    35.17153400    18.49725600     9.72799400     5.11610300     2.69063800
     1.41504800     0.74419600     0.45538300     0.39138400     0.20583500

     0.05751400     0.00000000
     0.21577600     0.00000000
     0.37479900     0.00000000
     0.32631300     0.00000000
     0.16638300     0.00000000
    -0.03914900     0.00000000
    -0.08590900     0.00000000
     0.00000000     1.00000000
     0.00681600     0.00000000
     0.00020600     0.00000000

    26.14633200    13.36373200     6.83037800     3.49109500     1.78434400
     0.91200200     0.47222400     0.46613600     0.23824800     0.12177200

     0.02994300     0.00000000
     0.11420000     0.00000000
     0.21961800     0.00000000
     0.26886400     0.00000000
     0.25693200     0.00000000
     0.19137800     0.00000000
     0.00000000     1.00000000
     0.11217600     0.00000000
     0.06331700     0.00000000
     0.00805700     0.00000000

     2.37153300

     1.00000000

