
Po:cc-pvdz-ecp-bfd


  3
    0    1    2
    2    2    1
   10   10    1

     0.03776800     0.08828300     0.17824800     0.35989100     0.72663600
     1.46711100     2.96216400     5.98074200    12.07538800    24.38075300

     0.00000000     1.00000000
     0.23189200     0.00000000
     0.60460400     0.00000000
     0.48683800     0.00000000
    -0.02087700     0.00000000
    -0.91569300     0.00000000
     0.53028700     0.00000000
    -0.13462400     0.00000000
     0.02465100     0.00000000
    -0.00335300     0.00000000

     0.04492400     0.06246600     0.08908600     0.17665900     0.35031900
     0.69469000     1.37758500     2.73178000     5.41717700    10.74237400

     0.08113200     0.00000000
     0.00000000     1.00000000
     0.31215400     0.00000000
     0.48575800     0.00000000
     0.28995400     0.00000000
    -0.00509900     0.00000000
    -0.29028400     0.00000000
     0.12072400     0.00000000
    -0.02178800     0.00000000
     0.00241100     0.00000000

     0.18031700

     1.00000000

