
S:cc-pvdz-ecp-bfd


  3
    0    1    2
    2    2    1
   10   10    1

    39.95065600    18.77662300     8.82492600     4.14767400     1.94938800
     0.91620300     0.43061100     0.20238500     0.09845400     0.09512000

     0.14007400     0.00000000
     0.49094200     0.00000000
     0.51529700     0.00000000
     0.05032000     0.00000000
    -0.29890800     0.00000000
     0.01982700     0.00000000
     0.00726600     0.00000000
    -0.00160200     0.00000000
     0.00000000     1.00000000
     0.00027100     0.00000000

    16.47797900     8.11630700     3.99772600     1.96909900     0.96988900
     0.47772300     0.23530500     0.12892600     0.11590100     0.05708700

     0.08193800     0.00000000
     0.25182600     0.00000000
     0.37634400     0.00000000
     0.32090200     0.00000000
     0.14377900     0.00000000
    -0.04554300     0.00000000
    -0.01719100     0.00000000
     0.00000000     1.00000000
     0.00258000     0.00000000
    -0.00022200     0.00000000

     0.51413500

     1.00000000

