
Sb:cc-pvdz-ecp-bfd


  3
    0    1    2
    2    2    1
   10   10    1

     0.03794200     0.06928000     0.14394000     0.29905600     0.62133200
     1.29090500     2.68204000     5.57232000    11.57729000    24.05347200

     0.00000000     1.00000000
     0.21745900     0.00000000
     0.59993200     0.00000000
     0.45940700     0.00000000
    -0.04247200     0.00000000
    -0.65036200     0.00000000
     0.29833300     0.00000000
    -0.05689300     0.00000000
     0.00910200     0.00000000
    -0.00125500     0.00000000

     0.04009200     0.07362900     0.08067900     0.16235600     0.32672000
     0.65748100     1.32309300     2.66255000     5.35803000    10.78232700

     0.08171200     0.00000000
     0.00000000     1.00000000
     0.32260500     0.00000000
     0.46472200     0.00000000
     0.27708800     0.00000000
     0.00909000     0.00000000
    -0.19482500     0.00000000
     0.05439200     0.00000000
    -0.00645500     0.00000000
     0.00062900     0.00000000

     0.21060400

     1.00000000

