
Se:cc-pvdz-ecp-bfd


  3
    0    1    2
    2    2    1
   10   10    1

    62.91225800    28.00104000    12.46272600     5.54692000     2.46882800
     1.09882800     0.48906700     0.21767400     0.09688300     0.06246700

     0.20096500     0.00000000
     0.61509300     0.00000000
     0.46263600     0.00000000
    -0.20417900     0.00000000
    -0.30758400     0.00000000
     0.10989500     0.00000000
    -0.01228800     0.00000000
     0.00120500     0.00000000
    -0.00013200     0.00000000
     0.00000000     1.00000000

    28.37870800    13.03268500     5.98515200     2.74863100     1.26228600
     0.57969400     0.26622000     0.12225900     0.10738100     0.05614700

     0.07350400     0.00000000
     0.33469200     0.00000000
     0.47332300     0.00000000
     0.27657100     0.00000000
    -0.03235600     0.00000000
    -0.10370900     0.00000000
     0.02018100     0.00000000
    -0.00109500     0.00000000
     0.00000000     1.00000000
     0.00001900     0.00000000

     0.34864900

     1.00000000

