
Si:cc-pvdz-ecp-bfd


  3
    0    1    2
    2    2    1
   10   10    1

     0.05980300     0.05988700     0.13010800     0.28266800     0.61411500
     1.33420500     2.89864500     6.29749300    13.68170700    29.72438700

     0.00000000     1.00000000
     0.16749200     0.00000000
     0.53255000     0.00000000
     0.46429000     0.00000000
    -0.00232200     0.00000000
    -0.26823400     0.00000000
     0.03192100     0.00000000
    -0.00010600     0.00000000
    -0.00014500     0.00000000
     0.00006700     0.00000000

     0.03652500     0.07613700     0.08157000     0.15871200     0.33084300
     0.68965800     1.43762500     2.99679700     6.24696600    13.02209700

     0.07876100     0.00000000
     0.30833100     0.00000000
     0.00000000     1.00000000
     0.41777300     0.00000000
     0.28167600     0.00000000
     0.06987600     0.00000000
    -0.05630600     0.00000000
     0.00074400     0.00000000
    -0.00025900     0.00000000
    -0.00002200     0.00000000

     0.28362600

     1.00000000

