
Sn:cc-pvdz-ecp-bfd


  3
    0    1    2
    2    2    1
   10   10    1

     0.03119900     0.05900000     0.12432700     0.26198600     0.55206500
     1.16333000     2.45140700     5.16568500    10.88530300    22.93787200

     0.00000000     1.00000000
     0.23888200     0.00000000
     0.59880600     0.00000000
     0.42253100     0.00000000
    -0.03572700     0.00000000
    -0.63179000     0.00000000
     0.29429700     0.00000000
    -0.05759200     0.00000000
     0.00933300     0.00000000
    -0.00129800     0.00000000

     0.03051300     0.05838500     0.06330600     0.13134200     0.27249700
     0.56535100     1.17293800     2.43350400     5.04881000    10.47480800

     0.08395800     0.00000000
     0.00000000     1.00000000
     0.34066000     0.00000000
     0.45825700     0.00000000
     0.25795000     0.00000000
     0.02092200     0.00000000
    -0.18912100     0.00000000
     0.05406800     0.00000000
    -0.00701300     0.00000000
     0.00074900     0.00000000

     0.17034800

     1.00000000

