
Tl:cc-pvdz-ecp-bfd


  3
    0    1    2
    2    2    1
   10   10    1

     0.06214500     0.09338400     0.12384800     0.24681300     0.49186600
     0.98022600     1.95346500     3.89300700     7.75826700    15.46123800

     0.34200000     0.00000000
     0.00000000     1.00000000
     0.54508100     0.00000000
     0.34953200     0.00000000
     0.19196200     0.00000000
    -1.13334900     0.00000000
     0.66732200     0.00000000
    -0.18340200     0.00000000
     0.03608900     0.00000000
    -0.00504800     0.00000000

     0.02240000     0.02680200     0.05458000     0.11114800     0.22634400
     0.46093300     0.93865600     1.91150500     3.89263900     7.92707500

     0.00000000     1.00000000
     0.84951400     0.00000000
    -0.19393000     0.00000000
     0.48000000     0.00000000
    -0.01456300     0.00000000
     0.09964500     0.00000000
    -0.20229400     0.00000000
     0.08057700     0.00000000
    -0.01663100     0.00000000
     0.00232100     0.00000000

     0.11870100

     1.00000000

