
Xe:cc-pvdz-ecp-bfd


  3
    0    1    2
    2    2    1
   10   10    1

     0.10264000     0.21383900     0.44550700     0.47602600     0.92815800
     1.93370300     4.02863200     8.39315900    17.48611200    36.43015900

     0.19146400     0.00000000
     0.62277000     0.00000000
     0.53430900     0.00000000
     0.00000000     1.00000000
    -0.19800100     0.00000000
    -0.56640900     0.00000000
     0.28649800     0.00000000
    -0.05636300     0.00000000
     0.00864900     0.00000000
    -0.00113300     0.00000000

     0.06465000     0.12883700     0.25675300     0.40482500     0.51166900
     1.01967800     2.03206200     4.04958700     8.07020400    16.08267500

     0.09897100     0.00000000
     0.31150200     0.00000000
     0.46088200     0.00000000
     0.00000000     1.00000000
     0.30907800     0.00000000
    -0.04026000     0.00000000
    -0.20285100     0.00000000
     0.06700000     0.00000000
    -0.00846800     0.00000000
     0.00071000     0.00000000

     0.29943200

     1.00000000

