s, O, 0.1253460000, 0.2680220000, 0.5730980000, 1.2254290000, 2.6202770000, 5.6028180000, 11.9802450000, 25.6168010000, 54.7752160000, 0.0695900000, 0.2243800000, 0.8431570000, 1.3517710000
c, 1.9, 0.05574100, 0.30484800, 0.45375200, 0.29592600, 0.01956700, -0.12862700, 0.01202400, 0.00040700, -0.00007600
c, 11.11, 1.00000000
c, 12.12, 1.00000000
c, 13.13, 1.00000000
c, 10.10, 1.00000000
p, O, 0.0835980000, 0.1670170000, 0.3336730000, 0.6666270000, 1.3318160000, 2.6607610000, 5.3157850000, 10.6201080000, 21.2173180000, 0.0534800000, 0.1485620000, 0.4523640000, 1.1067370000
c, 1.9, 0.04495800, 0.15017500, 0.25599900, 0.28187900, 0.24283500, 0.16113400, 0.08230800, 0.03989900, 0.00467900
c, 11.11, 1.00000000
c, 12.12, 1.00000000
c, 13.13, 1.00000000
c, 10.10, 1.00000000
d, O, 0.1540000000, 0.4557110000, 1.3443310000, 4.0088670000
c, 2.2, 1.00000000
c, 3.3, 1.00000000
c, 4.4, 1.00000000
c, 1.1, 1.00000000
f, O, 0.3240000000, 0.8762890000, 2.7631150000
c, 2.2, 1.00000000
c, 3.3, 1.00000000
c, 1.1, 1.00000000
g, O, 0.7140000000, 1.7590810000
c, 2.2, 1.00000000
c, 1.1, 1.00000000
