****
As     0
S   9   1.00
       52.1839370000     0.19204300
       23.1915930000     0.61168200
       10.3068110000     0.43926100
        4.5805550000    -0.11028000
        2.0356910000    -0.39417900
        0.9047020000     0.14563200
        0.4020680000    -0.02137900
        0.1786870000     0.00320500
        0.0794120000    -0.00046900
S   1   1.00
        0.0514800000     1.00000000
P   9   1.00
       22.8521150000     0.10505800
       10.6440710000     0.36181900
        4.9578020000     0.45210700
        2.3092480000     0.23124300
        1.0756030000    -0.00954900
        0.5009950000    -0.12176700
        0.2333540000     0.02864800
        0.1086920000    -0.00294100
        0.0506260000     0.00029300
P   1   1.00
        0.0956230000     1.00000000
D   1   1.00
        0.2976520000     1.00000000
****
