****
Bi     0
S   9   1.00
        0.0822480000     0.28238600
        0.1644900000     0.59349400
        0.3289680000     0.42421600
        0.6579120000     0.03847200
        1.3157770000    -0.99922700
        2.6314620000     0.59847200
        5.2627390000    -0.16039400
       10.5251070000     0.03046500
       21.0494730000    -0.00416800
S   1   1.00
        0.0332320000     1.00000000
P   9   1.00
        0.0447930000     0.14366400
        0.0872890000     0.34715300
        0.1701040000     0.46013000
        0.3314900000     0.21092200
        0.6459880000     0.00517500
        1.2588660000    -0.29326100
        2.4532070000     0.13104700
        4.7806710000    -0.02539400
        9.3163010000     0.00289300
P   1   1.00
        0.0610710000     1.00000000
D   1   1.00
        0.1685340000     1.00000000
****
