****
Br     0
S   9   1.00
       64.6102340000     0.19983200
       29.2701000000     0.60580600
       13.2601090000     0.48641400
        6.0071710000    -0.20896400
        2.7214030000    -0.32844800
        1.2328660000     0.11847100
        0.5585200000    -0.01311200
        0.2530240000     0.00120600
        0.1146260000    -0.00012100
S   1   1.00
        0.0747120000     1.00000000
P   9   1.00
       29.9197030000     0.10799200
       13.9803530000     0.33186000
        6.5324940000     0.44287100
        3.0523890000     0.28325600
        1.4262670000    -0.02604500
        0.6664410000    -0.11132300
        0.3114030000     0.02171200
        0.1455070000    -0.00118800
        0.0679900000     0.00002200
P   1   1.00
        0.1296540000     1.00000000
D   1   1.00
        0.4172960000     1.00000000
****
