****
F      0
S   9   1.00
        0.1727230000     0.07024000
        0.3648750000     0.31108800
        0.7707950000     0.44467500
        1.6282950000     0.28701100
        3.4397570000     0.01875900
        7.2664510000    -0.12860800
       15.3503000000     0.00910400
       32.4273480000     0.00081000
       68.5024330000    -0.00013300
S   1   1.00
        0.3445690000     1.00000000
P   9   1.00
        0.1010010000     0.03532100
        0.2044140000     0.13692400
        0.4137070000     0.24935300
        0.8372890000     0.28662000
        1.6945650000     0.25454100
        3.4295800000     0.16957200
        6.9410260000     0.08854200
       14.0477370000     0.03984300
       28.4307990000     0.00337800
P   1   1.00
        0.3648310000     1.00000000
D   1   1.00
        1.7224790000     1.00000000
****
