****
I      0
S   9   1.00
        0.0932930000     0.20590200
        0.1932110000     0.62314400
        0.4001420000     0.49178800
        0.8286980000    -0.11341800
        1.7162430000    -0.67844200
        3.5543560000     0.35666000
        7.3611070000    -0.07867600
       15.2449270000     0.01347500
       31.5723960000    -0.00185900
S   1   1.00
        0.0474060000     1.00000000
P   9   1.00
        0.0564870000     0.11279200
        0.1130380000     0.31700900
        0.2262040000     0.45651400
        0.4526630000     0.28474600
        0.9058370000    -0.01207600
        1.8126970000    -0.23018200
        3.6274390000     0.08221400
        7.2589730000    -0.01249200
       14.5261390000     0.00128500
P   1   1.00
        0.0889780000     1.00000000
D   1   1.00
        0.2694080000     1.00000000
****
