****
In     0
S   9   1.00
        0.0485130000     0.26656000
        0.1043270000     0.59534500
        0.2243540000     0.37765400
        0.4824690000    -0.03640400
        1.0375420000    -0.58100500
        2.2312170000     0.27026500
        4.7981930000    -0.05371500
       10.3184300000     0.00896100
       22.1896050000    -0.00128300
S   1   1.00
        0.0240110000     1.00000000
P   9   1.00
        0.0248980000     0.73935800
        0.0524550000    -0.04833000
        0.1105130000     0.41437700
        0.2328320000     0.04630700
        0.4905340000     0.04798000
        1.0334680000    -0.12431600
        2.1773310000     0.03747100
        4.5872450000    -0.00601100
        9.6645000000     0.00083500
P   1   1.00
        0.0228870000     1.00000000
D   1   1.00
        0.1362130000     1.00000000
****
