****
Mg     0
S   9   1.00
        9.0242170000     0.16529000
        4.4397590000     0.50627200
        2.1842850000     0.33319700
        1.0746300000     0.05748200
        0.5287000000    -0.13761400
        0.2601110000    -0.13537800
        0.1279700000     0.04831000
        0.0629590000    -0.00531200
        0.0309750000     0.00046500
S   1   1.00
        0.1623700000     1.00000000
P   9   1.00
        4.5182860000     1.50203800
        2.5537450000    -1.43394400
        1.4433830000     1.31898700
        0.8158030000    -0.74112400
        0.4610940000     0.43630000
        0.2606110000    -0.24379800
        0.1472980000     0.08677400
        0.0832530000    -0.02867700
        0.0470550000     0.00608500
P   1   1.00
        0.1216830000     1.00000000
D   1   1.00
        0.1355260000     1.00000000
****
