****
P      0
S   9   1.00
        0.0747180000     0.14022500
        0.1608340000     0.50674600
        0.3462020000     0.49989300
        0.7452150000     0.03730100
        1.6041090000    -0.28459100
        3.4529170000     0.02476600
        7.4325610000     0.00179800
       15.9989240000    -0.00031400
       34.4384080000     0.00008800
S   1   1.00
        0.0772600000     1.00000000
P   9   1.00
        0.0502420000     0.07209500
        0.1023910000     0.27873500
        0.2086690000     0.41103400
        0.4252560000     0.30472400
        0.8666510000     0.09172700
        1.7661910000    -0.05706000
        3.5994100000    -0.00510300
        7.3354180000     0.00032800
       14.9492170000    -0.00004600
P   1   1.00
        0.1134330000     1.00000000
D   1   1.00
        0.3909440000     1.00000000
****
