****
Tl     0
S   9   1.00
        0.0621450000     0.34200000
        0.1238480000     0.54508100
        0.2468130000     0.34953200
        0.4918660000     0.19196200
        0.9802260000    -1.13334900
        1.9534650000     0.66732200
        3.8930070000    -0.18340200
        7.7582670000     0.03608900
       15.4612380000    -0.00504800
S   1   1.00
        0.0933840000     1.00000000
P   9   1.00
        0.0268020000     0.84951400
        0.0545800000    -0.19393000
        0.1111480000     0.48000000
        0.2263440000    -0.01456300
        0.4609330000     0.09964500
        0.9386560000    -0.20229400
        1.9115050000     0.08057700
        3.8926390000    -0.01663100
        7.9270750000     0.00232100
P   1   1.00
        0.0224000000     1.00000000
D   1   1.00
        0.1187010000     1.00000000
****
