****
Xe     0
S   9   1.00
        0.1026400000     0.19146400
        0.2138390000     0.62277000
        0.4455070000     0.53430900
        0.9281580000    -0.19800100
        1.9337030000    -0.56640900
        4.0286320000     0.28649800
        8.3931590000    -0.05636300
       17.4861120000     0.00864900
       36.4301590000    -0.00113300
S   1   1.00
        0.4760260000     1.00000000
P   9   1.00
        0.0646500000     0.09897100
        0.1288370000     0.31150200
        0.2567530000     0.46088200
        0.5116690000     0.30907800
        1.0196780000    -0.04026000
        2.0320620000    -0.20285100
        4.0495870000     0.06700000
        8.0702040000    -0.00846800
       16.0826750000     0.00071000
P   1   1.00
        0.4048250000     1.00000000
D   1   1.00
        0.2994320000     1.00000000
****
