
As:aug-cc-pvtz-ecp-bfd


  4
    0    1    2    3
    4    4    3    2
   12   12    3    2

     0.03340700     0.07941200     0.11308800     0.17868700     0.40206800
     0.54015900     0.90470200     2.03569100     4.58055500    10.30681100
    23.19159300    52.18393700

     0.00000000     0.00000000     0.00000000     1.00000000
     0.19204300     0.00000000     0.00000000     0.00000000
     0.00000000     1.00000000     0.00000000     0.00000000
     0.61168200     0.00000000     0.00000000     0.00000000
     0.43926100     0.00000000     0.00000000     0.00000000
     0.00000000     0.00000000     1.00000000     0.00000000
    -0.11028000     0.00000000     0.00000000     0.00000000
    -0.39417900     0.00000000     0.00000000     0.00000000
     0.14563200     0.00000000     0.00000000     0.00000000
    -0.02137900     0.00000000     0.00000000     0.00000000
     0.00320500     0.00000000     0.00000000     0.00000000
    -0.00046900     0.00000000     0.00000000     0.00000000

     0.02679900     0.05062600     0.10085100     0.10869200     0.23335400
     0.50099500     0.61232600     1.07560300     2.30924800     4.95780200
    10.64407100    22.85211500

     0.00000000     0.00000000     0.00000000     1.00000000
     0.10505800     0.00000000     0.00000000     0.00000000
     0.00000000     0.00000000     1.00000000     0.00000000
     0.36181900     0.00000000     0.00000000     0.00000000
     0.45210700     0.00000000     0.00000000     0.00000000
     0.23124300     0.00000000     0.00000000     0.00000000
     0.00000000     1.00000000     0.00000000     0.00000000
    -0.00954900     0.00000000     0.00000000     0.00000000
    -0.12176700     0.00000000     0.00000000     0.00000000
     0.02864800     0.00000000     0.00000000     0.00000000
    -0.00294100     0.00000000     0.00000000     0.00000000
     0.00029300     0.00000000     0.00000000     0.00000000

     0.07000000     0.16579000     0.41206300

     0.00000000     0.00000000     1.00000000
     1.00000000     0.00000000     0.00000000
     0.00000000     1.00000000     0.00000000

     0.16900000     0.42529000

     0.00000000     1.00000000
     1.00000000     0.00000000

