
Cl:aug-cc-pvtz-ecp-bfd


  4
    0    1    2    3
    4    4    3    2
   12   12    3    2

     0.05910000     0.11994400     0.18561300     0.25734800     0.55215700
     0.99156000     1.18469100     2.54183600     5.45368100    11.70124300
    25.10581200    53.86622600

     0.00000000     0.00000000     0.00000000     1.00000000
     0.14891700     0.00000000     0.00000000     0.00000000
     0.00000000     1.00000000     0.00000000     0.00000000
     0.50361600     0.00000000     0.00000000     0.00000000
     0.52399500     0.00000000     0.00000000     0.00000000
     0.00000000     0.00000000     1.00000000     0.00000000
     0.01361200     0.00000000     0.00000000     0.00000000
    -0.32884600     0.00000000     0.00000000     0.00000000
     0.05630900     0.00000000     0.00000000     0.00000000
    -0.00130100     0.00000000     0.00000000     0.00000000
    -0.00029400     0.00000000     0.00000000     0.00000000
     0.00007600     0.00000000     0.00000000     0.00000000

     0.04190000     0.07437400     0.11226800     0.15508400     0.30958300
     0.32337800     0.67430300     1.40604300     2.93185500     6.11345000
    12.74765100    26.58116500

     0.00000000     0.00000000     0.00000000     1.00000000
     0.08492500     0.00000000     0.00000000     0.00000000
     0.00000000     1.00000000     0.00000000     0.00000000
     0.27065800     0.00000000     0.00000000     0.00000000
     0.00000000     0.00000000     1.00000000     0.00000000
     0.39602200     0.00000000     0.00000000     0.00000000
     0.32432500     0.00000000     0.00000000     0.00000000
     0.10066100     0.00000000     0.00000000     0.00000000
    -0.06980200     0.00000000     0.00000000     0.00000000
    -0.00095100     0.00000000     0.00000000     0.00000000
     0.00150100     0.00000000     0.00000000     0.00000000
    -0.00024900     0.00000000     0.00000000     0.00000000

     0.13500000     0.35235700     1.12879600

     0.00000000     0.00000000     1.00000000
     1.00000000     0.00000000     0.00000000
     0.00000000     1.00000000     0.00000000

     0.31200000     0.73199900

     0.00000000     1.00000000
     1.00000000     0.00000000

