
Ga:aug-cc-pvtz-ecp-bfd


  4
    0    1    2    3
    4    4    3    2
   12   12    3    2

     0.01439800     0.05462800     0.06970300     0.12374300     0.28029900
     0.34199400     0.63492600     1.43821800     3.25781400     7.37951400
    16.71587900    37.86436700

     0.00000000     0.00000000     0.00000000     1.00000000
     0.25317100     0.00000000     0.00000000     0.00000000
     0.00000000     1.00000000     0.00000000     0.00000000
     0.59829500     0.00000000     0.00000000     0.00000000
     0.35690900     0.00000000     0.00000000     0.00000000
     0.00000000     0.00000000     1.00000000     0.00000000
    -0.05654400     0.00000000     0.00000000     0.00000000
    -0.41126600     0.00000000     0.00000000     0.00000000
     0.15607900     0.00000000     0.00000000     0.00000000
    -0.02514200     0.00000000     0.00000000     0.00000000
     0.00408900     0.00000000     0.00000000     0.00000000
    -0.00062200     0.00000000     0.00000000     0.00000000

     0.01930000     0.02730900     0.02920700     0.06402900     0.06442000
     0.14208600     0.31338900     0.69122100     1.52457700     3.36265200
     7.41676400    16.35863200

     0.00000000     0.00000000     0.00000000     1.00000000
     0.00000000     1.00000000     0.00000000     0.00000000
     0.75940000     0.00000000     0.00000000     0.00000000
     0.00000000     0.00000000     1.00000000     0.00000000
    -0.02205900     0.00000000     0.00000000     0.00000000
     0.36825200     0.00000000     0.00000000     0.00000000
     0.05114200     0.00000000     0.00000000     0.00000000
     0.03665500     0.00000000     0.00000000     0.00000000
    -0.07858900     0.00000000     0.00000000     0.00000000
     0.01778100     0.00000000     0.00000000     0.00000000
    -0.00249800     0.00000000     0.00000000     0.00000000
     0.00038600     0.00000000     0.00000000     0.00000000

     0.03870000     0.10509200     0.26637900

     0.00000000     0.00000000     1.00000000
     1.00000000     0.00000000     0.00000000
     0.00000000     1.00000000     0.00000000

     0.09800000     0.29755400

     0.00000000     1.00000000
     1.00000000     0.00000000

