
He:aug-cc-pvtz-ecp-bfd


  3
    0    1    2
    4    3    2
   12   10    2

     0.05138000     0.07778600     0.16152800     0.22448500     0.33542500
     0.66786800     0.69653500     1.44640800     3.00357600     6.23715400
    12.95192600    26.89566200

     0.00000000     0.00000000     0.00000000     1.00000000
     0.01242500     0.00000000     0.00000000     0.00000000
     0.12825100     0.00000000     0.00000000     0.00000000
     0.00000000     0.00000000     1.00000000     0.00000000
     0.28222100     0.00000000     0.00000000     0.00000000
     0.00000000     1.00000000     0.00000000     0.00000000
     0.29242700     0.00000000     0.00000000     0.00000000
     0.21502500     0.00000000     0.00000000     0.00000000
     0.12545000     0.00000000     0.00000000     0.00000000
     0.06491200     0.00000000     0.00000000     0.00000000
     0.03889200     0.00000000     0.00000000     0.00000000
     0.00253100     0.00000000     0.00000000     0.00000000

     0.19930000     0.22852800     0.42201900     0.77933300     1.43918000
     1.49202800     2.65770600     4.90793400     9.06338600    16.73718000

     0.00000000     0.00000000     1.00000000
    -0.00011600     0.00000000     0.00000000
     2.11695000     0.00000000     0.00000000
    -2.18295400     0.00000000     0.00000000
     1.54585000     0.00000000     0.00000000
     0.00000000     1.00000000     0.00000000
    -0.87947700     0.00000000     0.00000000
     0.46971000     0.00000000     0.00000000
    -0.22463100     0.00000000     0.00000000
     0.09842200     0.00000000     0.00000000

     0.45920000     1.91379200

     0.00000000     1.00000000
     1.00000000     0.00000000

