
Na:aug-cc-pvtz-ecp-bfd


  4
    0    1    2    3
    4    4    3    2
   12   12    3    2

     0.00665000     0.01306100     0.03004100     0.06785400     0.06909200
     0.15890800     0.36548100     0.55045100     0.84058900     1.93331500
     4.44653300    10.22681600

     0.00000000     0.00000000     0.00000000     1.00000000
     0.20011800     0.00000000     0.00000000     0.00000000
     0.46765200     0.00000000     0.00000000     0.00000000
     0.00000000     1.00000000     0.00000000     0.00000000
     0.22773800     0.00000000     0.00000000     0.00000000
    -0.06158100     0.00000000     0.00000000     0.00000000
    -0.13753300     0.00000000     0.00000000     0.00000000
     0.00000000     0.00000000     1.00000000     0.00000000
     0.00332300     0.00000000     0.00000000     0.00000000
     0.00374100     0.00000000     0.00000000     0.00000000
    -0.00111700     0.00000000     0.00000000     0.00000000
     0.00024400     0.00000000     0.00000000     0.00000000

     0.00259300     0.00674100     0.00700000     0.01752500     0.04556300
     0.08940600     0.11846100     0.30798700     0.61927300     0.80073800
     2.08184700     5.41261700

    -0.00284000     0.00000000     0.00000000     0.00000000
     0.00534000     0.00000000     0.00000000     0.00000000
     0.00000000     0.00000000     0.00000000     1.00000000
    -0.02593600     0.00000000     0.00000000     0.00000000
    -0.05346600     0.00000000     0.00000000     0.00000000
     0.00000000     1.00000000     0.00000000     0.00000000
    -0.05369100     0.00000000     0.00000000     0.00000000
     0.01443900     0.00000000     0.00000000     0.00000000
     0.00000000     0.00000000     1.00000000     0.00000000
     0.00619900     0.00000000     0.00000000     0.00000000
    -0.00102600     0.00000000     0.00000000     0.00000000
     0.00016800     0.00000000     0.00000000     0.00000000

     0.02230000     0.08692000     0.69301400

     0.00000000     0.00000000     1.00000000
     1.00000000     0.00000000     0.00000000
     0.00000000     1.00000000     0.00000000

     0.07140000     0.13240200

     0.00000000     1.00000000
     1.00000000     0.00000000

