
Be:cc-pvqz-ecp-bfd


  4
    0    1    2    3
    5    3    2    1
    7    5    2    1

     1.53494600     1.12676600     0.79154200     0.17864000     0.07377600
     0.05890000     0.03278000

     0.03182200     0.37171400     1.88835000    -2.44233300     0.00000000
    -0.28469200    -1.46004000    -6.87687800     3.46023900     0.00000000
     0.13429300     1.12592600     6.62348400     0.14852100     0.00000000
     0.44771300     1.59804500    -1.83689500    -3.44164600     0.00000000
     0.50130100    -1.30667100    -0.30081700     4.91618000     0.00000000
     0.00000000     0.00000000     0.00000000     0.00000000     1.00000000
     0.14384500    -0.32823900     1.03572600    -2.70608700     0.00000000

     3.61900000     0.71100000     0.19510000     0.14380000     0.04994000

     0.02910500     0.00000000     0.00000000
     0.16946600     0.00000000     0.00000000
     0.51296900     0.00000000     0.00000000
     0.00000000     1.00000000     0.00000000
     0.00000000     0.00000000     1.00000000

     0.34800000     0.18030000

     0.00000000     1.00000000
     1.00000000     0.00000000

     0.32500000

     1.00000000

