
Co:ano-pvqz-ecp-bfd


  6
    0    1    2    3    4    5
    6    6    5    3    2    1
    9    8    7    3    2    1

     0.01900000     0.03803300     0.10696200     0.51621800     1.08858000
     2.25187100     9.76964500    14.93801100    27.93652200

     0.00000000     0.00000000     0.00000000     0.00000000     0.00000000
     1.00000000
    -0.00747400    -0.00043900    -0.03377000     0.08958100     1.14245600
     0.00000000
     0.21193600    -0.04088700     0.00326000    -0.21783700    -6.27166300
     0.00000000
    -0.53326300     0.12385600     0.31415600    -0.22294500     7.34384900
     0.00000000
     0.53447100    -0.14878600    -1.17980200     2.57592800    -5.06964000
     0.00000000
     0.53675000    -0.27917300    -0.11834700    -2.60891600     5.07003000
     0.00000000
     0.14804400    -0.04066700     1.12277500    -0.03227500    -2.01848700
     0.00000000
     0.00697500     0.70785300     0.64561600     1.75258900    -0.41053600
     0.00000000
     0.00121300     0.40521900    -1.13467300    -1.41373500     1.92410400
     0.00000000

     0.10000000     0.20535400     0.51667800     1.07583200     2.17260000
     4.40915400    12.54570100    16.31017200

     0.00000000     0.00000000     0.00000000     0.00000000     0.00000000
     1.00000000
     0.01761700    -0.01314600     0.01881100     0.10486900    -0.80076100
     0.00000000
    -0.06724200     0.05939300    -0.10863200    -0.04414100     1.20702800
     0.00000000
     0.25378100    -0.31513800     0.71676000    -1.50767800     1.36075200
     0.00000000
     0.41178600    -0.30817900     0.36904700     1.32932700    -3.72426400
     0.00000000
     0.34158300     0.06233500    -0.84282500     0.86508800     3.26241800
     0.00000000
     0.12717300     0.34059100    -0.48473600    -1.27443700    -0.58192000
     0.00000000
     0.01132000     0.41307400     0.34259300    -0.48683000    -1.52088300
     0.00000000

     0.06500000     0.12949600     0.36671400     0.94179200     2.28984300
     5.44207700    11.52103200

     0.00000000     0.00000000     0.00000000     0.00000000     1.00000000
     0.08323100    -0.09357000    -0.10673400    -0.23247100     0.00000000
     0.26568600    -0.35201000    -0.53376600    -0.77372000     0.00000000
     0.34394200    -0.32626600     0.01571100     1.23768400     0.00000000
     0.33678400     0.15593900     0.81693800    -0.16796100     0.00000000
     0.23921300     0.49477900    -0.10444800    -0.84148400     0.00000000
     0.08803900     0.34699400    -0.59562500     0.64433000     0.00000000

     0.74695600     2.40311900     6.54441500

     1.00000000     0.00000000     0.00000000
     0.00000000     0.00000000     1.00000000
     0.00000000     1.00000000     0.00000000

     1.81573600     5.26994300

     1.00000000     0.00000000
     0.00000000     1.00000000

     4.16807200

     1.00000000

