
Cr:ano-pvqz-ecp-bfd


  6
    0    1    2    3    4    5
    6    6    5    3    2    1
    9    8    7    3    2    1

     0.01700000     0.03393700     0.09152800     0.37441600     0.78728800
     1.64942100     7.35446800    12.65984600    20.87352200

     0.00000000     0.00000000     0.00000000     0.00000000     0.00000000
     1.00000000
    -0.01832500     0.00233500    -0.03665500     0.12984000     0.63975700
     0.00000000
     0.20195600    -0.04570600    -0.02992600    -0.23528600    -1.92126900
     0.00000000
    -0.53623100     0.14040300     0.42309200    -0.27722700     1.48959200
     0.00000000
     0.56644300    -0.17403700    -1.49975100     2.93446900     2.33328100
     0.00000000
     0.53235500    -0.30390100     0.16570500    -3.64983600    -5.96346200
     0.00000000
     0.12701900    -0.04200700     1.21004900     0.80011500     5.18838000
     0.00000000
     0.00769400     0.70558900     0.38688600     1.69729600    -2.79575900
     0.00000000
     0.00290100     0.42451200    -0.99632100    -1.56265100     1.35465700
     0.00000000

     0.10500000     0.21005900     0.50131600     1.05751900     2.15893300
     4.40995500     7.51049000    18.12199100

     0.00000000     0.00000000     0.00000000     0.00000000     0.00000000
     1.00000000
     0.00192700    -0.00231900     0.00405300    -0.00879500     0.06725900
     0.00000000
    -0.10167700     0.10504000    -0.20832000     0.47721400     0.23259900
     0.00000000
     0.14732600    -0.18535900     0.41223200    -1.52074300    -2.57372800
     0.00000000
     0.36387500    -0.39992600     0.83658700     0.05153600     3.55490500
     0.00000000
     0.42081300    -0.13292800    -0.52318500     1.84734400    -1.41544300
     0.00000000
     0.22347700     0.33869400    -0.79162500    -0.96467800    -1.41503800
     0.00000000
     0.03191400     0.26172300    -0.06759900    -1.21077500     2.67186100
     0.00000000

     0.04900000     0.09808400     0.26993500     0.68485600     1.65864100
     3.95145000     8.43022000

     0.00000000     0.00000000     0.00000000     0.00000000     1.00000000
     0.07466800    -0.07749700    -0.06532500    -0.23882800     0.00000000
     0.24453800    -0.34449600    -0.56764800    -0.85432900     0.00000000
     0.33766800    -0.36218600    -0.03810500     1.38514700     0.00000000
     0.34756600     0.12885400     0.87306600    -0.32799400     0.00000000
     0.25531900     0.49041400    -0.11779400    -0.73887200     0.00000000
     0.09337300     0.35775600    -0.59783000     0.65151900     0.00000000

     0.55042000     1.74352500     4.48640500

     1.00000000     0.00000000     0.00000000
     0.00000000     1.00000000     0.00000000
     0.00000000     0.00000000     1.00000000

     1.45598700     3.94512000

     1.00000000     0.00000000
     0.00000000     1.00000000

     3.16445600

     1.00000000

