
Cs:ano-pvqz-ecp-bfd


  5
    0    1    2    3    4
    6    6    5    2    1
    9    8    7    2    1

     0.01266100     0.02788300     0.07071100     0.17212900     0.40083000
     0.67139200     1.64833100     5.84262100     8.55032500

    -0.02924100     0.00774600    -0.09094900     0.00451400     0.84714900
     0.00000000
     0.09830100    -0.02789100     0.25013900     0.12784500    -1.48232800
     0.00000000
     0.00000000     0.00000000     0.00000000     0.00000000     0.00000000
     1.00000000
    -0.48913100     0.15861500    -1.34335700    -2.36067800     1.31011700
     0.00000000
    -0.08988900     0.01297800     2.09562400    10.21884500     0.83112400
     0.00000000
     0.85166900    -0.33136500     0.86525300   -11.06469600    -2.98232400
     0.00000000
     0.47990200    -0.28826400    -2.08535600     3.63346600     2.50245200
     0.00000000
     0.01012500     0.82451400     0.32333200     0.01836500    -2.93582100
     0.00000000
    -0.00310200     0.32606000     0.21337900    -0.45466400     2.37901800
     0.00000000

     0.10247900     0.17259100     0.24589000     0.57074100     0.87286700
     2.24493600     3.21776000     5.88909200

    -0.00032500     0.00584700     0.00601600     0.04178500     1.46265300
     0.00000000
     0.00000000     0.00000000     0.00000000     0.00000000     0.00000000
     1.00000000
     0.08274100    -0.18934500    -0.33832200    -0.86207300    -9.70834700
     0.00000000
    -0.21131100     0.46142600     0.93898800     2.32194500    12.98898000
     0.00000000
    -0.11777700     0.08431200    -1.75030000    -8.88958800   -11.84036100
     0.00000000
     0.47609000    -1.47771700    -0.12583400    10.27438500     9.44527300
     0.00000000
     0.58323800     0.49650400     2.35501400    -4.50436500    -2.56308500
     0.00000000
     0.17746100     0.74333500    -1.61784400     1.53519400     0.64943000
     0.00000000

     0.00903900     0.02340400     0.06059600     0.22767300     0.40294700
     1.88821900     2.49539500

     0.02219800     0.01708800     1.33241700    -2.10223300     0.00000000
    -0.04556800    -0.10304000    -1.77191100     2.90596400     0.00000000
     0.18209100     0.99603300    -0.02673100    -0.70711200     0.00000000
     0.00000000     0.00000000     0.00000000     0.00000000     1.00000000
     0.38057200     0.00802500     1.15202000     0.88427600     0.00000000
     0.37050900    -0.22079000    -0.97884600    -0.64369000     0.00000000
     0.40856500    -0.12141000     0.08549600     0.02509700     0.00000000

     0.34985300     0.71102300

     1.00000000     0.00000000
     0.00000000     1.00000000

     0.62634500

     1.00000000

