
Cu:cc-pvqz-ecp-bfd


  6
    0    1    2    3    4    5
    6    6    5    3    2    1
    9    8    7    3    2    1

    27.84678700    21.42060500    10.53725000     2.53559600     1.24968400
     0.59984600     0.11550800     0.04012700     0.02000000

    -0.01933700    -0.00265300    -0.10822500     0.30835800     1.27915600
     0.00000000
     0.08861400    -0.00754200     0.15509700    -0.49917200    -2.31825600
     0.00000000
    -0.35585900     0.07975600     0.15660600    -0.07519500     1.38361600
     0.00000000
     0.53808800    -0.15530100    -1.02506600     2.51632100     2.29554800
     0.00000000
     0.51113700    -0.25307800    -0.11598500    -2.49295100    -5.77923200
     0.00000000
     0.14764000    -0.02816800     0.96366200    -0.13703000     4.42043200
     0.00000000
     0.00590500     0.71236000     0.81996900     1.61315000    -1.71033400
     0.00000000
     0.00016800     0.38884700    -1.23059600    -1.23646500     0.55264700
     0.00000000
     0.00000000     0.00000000     0.00000000     0.00000000     0.00000000
     1.00000000

    18.59400600    14.30301100     5.63142000     2.68301100     1.25857300
     0.57408400     0.20923000     0.10500000

     0.00365200    -0.00521200     0.00461700    -0.09701200     0.77445900
     0.00000000
    -0.03707600     0.04711000    -0.07899200     0.04113900    -1.22468200
     0.00000000
     0.21712000    -0.33286300     0.65249900     1.37380700    -1.16382900
     0.00000000
     0.44097300    -0.35736500     0.37941100    -1.14673900     3.27350900
     0.00000000
     0.35872300     0.14034100    -0.90185200    -0.89387800    -2.92033800
     0.00000000
     0.11484600     0.39893900    -0.35123200     1.37992700     0.71464700
     0.00000000
     0.00731600     0.41503300     0.46572100     0.24132200     1.30441400
     0.00000000
     0.00000000     0.00000000     0.00000000     0.00000000     0.00000000
     1.00000000

    15.78728700     7.20321300     2.97360600     1.20702400     0.80000000
     0.46404600     0.16101500

     0.08422200    -0.10353300     0.10724400    -0.22091400     0.00000000
     0.25543300    -0.35809500     0.49724700    -0.73579200     0.00000000
     0.34996600    -0.34731800     0.01663800     1.07301200     0.00000000
     0.34167200     0.19930200    -0.88857900     0.35316400     0.00000000
     0.00000000     0.00000000     0.00000000     0.00000000     1.00000000
     0.24169700     0.49417500     0.06260400    -0.58149300     0.00000000
     0.09258300     0.34190000     0.70156700     0.74843900     0.00000000

     8.51260900     3.03352600     0.93852800

     1.00000000     0.00000000     0.00000000
     0.00000000     1.00000000     0.00000000
     0.00000000     0.00000000     1.00000000

     6.55200800     2.21056800

     0.00000000     1.00000000
     1.00000000     0.00000000

     5.05286300

     1.00000000

