
Fe:cc-pvqz-ecp-bfd


  6
    0    1    2    3    4    5
    6    6    5    3    2    1
    9    8    7    3    2    1

    25.88265700    14.03775500     9.00779400     2.06835000     0.99349800
     0.47115100     0.10248900     0.03690200     0.01750000

    -0.01031800     0.00034100    -0.03096700     0.42996800     1.27483000
     0.00000000
     0.23036400    -0.04764600    -0.03419200    -1.78654400    -6.36913100
     0.00000000
    -0.56655100     0.13646500     0.38344300     1.48264100     7.26576200
     0.00000000
     0.54443700    -0.15337100    -1.25919200     2.68400400    -4.89338400
     0.00000000
     0.54000100    -0.28855500    -0.09891300    -6.15249000     4.85996300
     0.00000000
     0.14311500    -0.04421200     1.19432100     4.80662100    -1.93941100
     0.00000000
     0.00738600     0.70476800     0.55502400    -2.13483100    -0.42926200
     0.00000000
     0.00186900     0.41540700    -1.07756300     0.80572800     1.85645600
     0.00000000
     0.00000000     0.00000000     0.00000000     0.00000000     0.00000000
     1.00000000

    16.65938900    10.45065300     4.18328900     2.11796200     1.06449400
     0.51474300     0.21044200     0.10500000

     0.00722300    -0.00556000     0.00818500     0.03753300    -0.34888100
     0.00000000
    -0.07031500     0.06350600    -0.12534800     0.08980500     0.67282600
     0.00000000
     0.22916100    -0.27695600     0.65718600    -1.56959700     1.67487000
     0.00000000
     0.39319900    -0.32147900     0.50590800     1.10686100    -3.92360200
     0.00000000
     0.36159600    -0.00480800    -0.77375700     1.12915700     2.91735900
     0.00000000
     0.15413900     0.33083300    -0.59277900    -1.16799800     0.01959500
     0.00000000
     0.01649800     0.35709500     0.18531500    -0.79549900    -1.96590500
     0.00000000
     0.00000000     0.00000000     0.00000000     0.00000000     0.00000000
     1.00000000

    10.23241300     4.84115100     2.03982700     0.84056500     0.32848500
     0.11692600     0.05800000

     0.08159100    -0.08650000    -0.10142400    -0.23364700     0.00000000
     0.26319000    -0.33973800    -0.54849200    -0.79323400     0.00000000
     0.34285600    -0.32888200    -0.00209100     1.27362100     0.00000000
     0.33832600     0.13002500     0.82845700    -0.20138800     0.00000000
     0.24073000     0.49494100    -0.08820600    -0.82192800     0.00000000
     0.08837500     0.36593300    -0.59095800     0.64182400     0.00000000
     0.00000000     0.00000000     0.00000000     0.00000000     1.00000000

     6.14105700     2.41347000     0.81702000

     0.00000000     0.00000000     1.00000000
     0.00000000     1.00000000     0.00000000
     1.00000000     0.00000000     0.00000000

     4.95116600     1.92603300

     0.00000000     1.00000000
     1.00000000     0.00000000

     4.34491800

     1.00000000

