
H:ano-pvqz-ecp-bfd


  4
    0    1    2    3
    5    3    2    1
    7    3    2    1

     0.07923400     0.10270000     0.20720300     0.55194800     1.49344200
     3.54663700     6.35920100

    -0.00494300    -0.01667200    -0.01888600    -0.08199900     0.00000000
     0.00000000     0.00000000     0.00000000     0.00000000     1.00000000
     0.04957900    -0.00577400    -0.05885400    -0.06946000     0.00000000
     0.03717600    -0.22798200    -0.55698800    -2.07555500     0.00000000
     0.28790800    -0.28565200    -1.08402200     4.12518000     0.00000000
     0.00954300    -1.07157900     2.72152500    -3.40759100     0.00000000
     0.77008400     1.42376700    -1.45809100     1.26487300     0.00000000

     0.29200000     0.83800000     2.29200000

     0.00000000     0.00000000     1.00000000
     0.00000000     1.00000000     0.00000000
     1.00000000     0.00000000     0.00000000

     0.66200000     2.06200000

     0.00000000     1.00000000
     1.00000000     0.00000000

     1.39700000

     1.00000000

