
He:cc-pvqz-ecp-bfd


  4
    0    1    2    3
    4    3    2    1
    7    3    2    1

    14.72459300     5.87602400     2.18410400     0.85930700     0.34690000
     0.29760000     0.14000400

     0.03545900    -0.05762700    -0.10462800     0.00000000
     0.09681600    -0.20501500    -0.75866100     0.00000000
     0.21452100    -0.62512000    -0.41864100     0.00000000
     0.34003300    -0.24986100     1.93215100     0.00000000
     0.34902500     0.71829400    -0.64429700     0.00000000
     0.00000000     0.00000000     0.00000000     1.00000000
     0.13313800     0.36890200    -0.56081100     0.00000000

     5.99400000     1.74500000     0.56000000

     1.00000000     0.00000000     0.00000000
     0.00000000     1.00000000     0.00000000
     0.00000000     0.00000000     1.00000000

     4.29900000     1.22300000

     1.00000000     0.00000000
     0.00000000     1.00000000

     2.68000000

     1.00000000

