
K:ano-pvqz-ecp-bfd


  5
    0    1    2    3    4
    6    6    5    2    1
    9    8    7    2    1

     0.01656600     0.01820600     0.03858000     0.23514000     0.50798700
     0.98049500     3.84382400     9.27942000    12.06904800

    -0.07076300     0.01332200    -0.07094200    -0.67670500     3.85514800
     0.00000000
     0.00000000     0.00000000     0.00000000     0.00000000     0.00000000
     1.00000000
     0.19342800    -0.03919000     0.23726400     0.98139700    -6.36139900
     0.00000000
    -0.49365300     0.11179600    -0.83298200     0.15766300     4.30496200
     0.00000000
     0.36580200    -0.08977500     2.38274400    -4.79324700    -3.59382700
     0.00000000
     0.59710200    -0.20583200    -0.67328200     7.53041700     2.45526200
     0.00000000
     0.26921000    -0.17881400    -1.32102400    -3.93121000     0.02947900
     0.00000000
     0.00456900     0.72269800     0.25672200     0.34456700    -1.67851700
     0.00000000
    -0.00115800     0.40407800     0.20010800     0.21464800     1.47949200
     0.00000000

     0.15428300     0.17451900     0.37401900     0.85409200     2.07882400
     2.71151700     5.41695300     7.06400500

     0.02618600    -0.02027800     0.05653500    -0.05204500     0.31757200
     0.00000000
     0.00000000     0.00000000     0.00000000     0.00000000     0.00000000
     1.00000000
    -0.07114700     0.05834600    -0.18299200     0.35115400    -1.76743100
     0.00000000
    -0.14333800     0.63657000    -0.82065800    -0.19862500    14.61532500
     0.00000000
     0.26779200    -1.04995300     2.12953800    -2.04590800   -16.27929500
     0.00000000
     0.43810700    -0.75240300    -0.70165600     3.76853600     5.50156800
     0.00000000
     0.43541000     0.73102300    -1.21300600    -3.43244700    -2.78494400
     0.00000000
     0.12970400     0.49076300     1.32568000     1.53604700     0.85822400
     0.00000000

     0.00529700     0.01617700     0.05246900     0.07000000     0.21416200
     0.81474300     2.80027000

     0.03281300     0.28006400    -0.69236000     0.94920400     0.00000000
     0.08194900     0.74915600     0.05414000    -1.16322700     0.00000000
     0.08743500     0.13260100     0.86036400     0.91301600     0.00000000
     0.00000000     0.00000000     0.00000000     0.00000000     1.00000000
     0.25919200    -0.07131500    -0.22420300    -0.11440600     0.00000000
     0.66094700    -0.11791500    -0.01537400    -0.06233100     0.00000000
     0.22183600    -0.04626700    -0.06630200    -0.05079900     0.00000000

     0.06800000     0.20400000

     0.00000000     1.00000000
     1.00000000     0.00000000

     0.88800000

     1.00000000

