
Li:cc-pvqz-ecp-bfd


  4
    0    1    2    3
    5    3    2    1
    7    5    2    1

     1.86599000     0.72599500     0.30925100     0.11031300     0.04887400
     0.02805000     0.02176800

     0.00588700     0.02156800    -0.03084600     0.30020200     0.00000000
    -0.05775100    -0.16253900     0.24303700    -2.16885600     0.00000000
    -0.11178900     0.00023100     0.30433800     5.22402400     0.00000000
     0.36160500     0.10430300    -3.80073400    -6.12413000     0.00000000
    -0.24155400     2.11228800     5.12301100     4.53127900     0.00000000
     0.00000000     0.00000000     0.00000000     0.00000000     1.00000000
     1.02790200    -1.97480300    -2.22475600    -1.48829500     0.00000000

     1.53400000     0.27490000     0.07362000     0.05578000     0.02050000

     0.02278600     0.00000000     0.00000000
     0.13910200     0.00000000     0.00000000
     0.50037500     0.00000000     0.00000000
     0.00000000     1.00000000     0.00000000
     0.00000000     0.00000000     1.00000000

     0.18740000     0.08010000

     1.00000000     0.00000000
     0.00000000     1.00000000

     0.18290000

     1.00000000

