
Mg:cc-pvqz-ecp-bfd


  4
    0    1    2    3
    5    3    2    1
    7    6    2    1

     1.47826000     0.73024500     0.31022300     0.09203100     0.04333500
     0.03999000     0.01966700

     0.04428800     0.12566500     0.00824100    -2.11822700     0.00000000
    -0.30245300    -0.85667400    -1.11836000     5.08860200     0.00000000
     0.11508300     1.20515700     3.29508000    -3.57990700     0.00000000
     0.66535400     1.22308100    -4.23765900     0.84028100     0.00000000
     0.34130800    -1.73456300     2.59064000     1.05435800     0.00000000
     0.00000000     0.00000000     0.00000000     0.00000000     1.00000000
     0.05569500     0.02226600    -0.07014500    -1.14070300     0.00000000

     1.15248200     0.48062100     0.28419400     0.11490400     0.06049200
     0.01818300

    -0.03307300    -0.09181300    -0.55049500
    -0.14337500    -0.49334600     1.99900800
     0.31604300     1.77270500    -0.43051900
     0.55758500    -0.35822600    -2.36454200
     0.30361400    -0.75145900     1.90725900
     0.02191400    -0.03598500    -0.03675900

     0.13670000     0.06360000

     1.00000000     0.00000000
     0.00000000     1.00000000

     0.13970000

     1.00000000

