
Na:ano-pvqz-ecp-bfd


  4
    0    1    2    3
    5    3    2    1
    7    6    2    1

     0.01966700     0.02307000     0.04333500     0.09203100     0.31022300
     0.73024500     1.47826000

     0.01654300     0.04747600    -0.14115900     0.52546100     0.00000000
     0.00000000     0.00000000     0.00000000     0.00000000     1.00000000
    -0.07030200    -0.20313700     0.62495000    -2.55155900     0.00000000
    -0.11252300    -0.05470200    -0.30518400     4.75540800     0.00000000
     0.24949000     0.30586700    -3.42799600    -5.89206500     0.00000000
    -0.04953600     1.91320500     5.15741400     5.13283500     0.00000000
     0.91901100    -1.94217200    -2.32356300    -1.74837600     0.00000000

     0.01474800     0.03626900     0.09442300     0.15830800     0.68827500
     1.19117600

     0.00809800     0.04000900     0.04937300
    -0.04655000    -0.17429900    -0.31616400
    -0.00961700     0.29730900     3.09676800
     0.24470900     1.05492100    -3.10969000
     0.61774300    -0.69332100     0.14576600
     0.25106800    -0.36085900     0.65165700

     0.06360000     0.13670000

     0.00000000     1.00000000
     1.00000000     0.00000000

     0.13970000

     1.00000000

