
Ni:ano-pvqz-ecp-bfd


  6
    0    1    2    3    4    5
    6    6    5    3    2    1
    9    8    7    3    2    1

     0.02000000     0.03921400     0.11159500     0.56993000     1.21261100
     2.52954000    10.82734000    15.32956200    30.25829000

     0.00000000     0.00000000     0.00000000     0.00000000     0.00000000
     1.00000000
    -0.00675400    -0.00071100    -0.02886700     0.07723200    -0.37185600
     0.00000000
     0.28578200    -0.05282500    -0.02689400    -0.17244100     2.11557200
     0.00000000
    -0.61727500     0.13423500     0.32531200    -0.28565300    -1.87508000
     0.00000000
     0.52868700    -0.13534000    -1.01783800     2.48355100    -2.73169900
     0.00000000
     0.54665100    -0.27602500    -0.26304400    -2.23691000     6.02535300
     0.00000000
     0.15330000    -0.04176200     1.07819200    -0.30958100    -4.43243900
     0.00000000
     0.00635700     0.71205800     0.76849800     1.73193600     1.71981100
     0.00000000
     0.00055900     0.39518600    -1.21836700    -1.35458600    -0.50480600
     0.00000000

     0.10000000     0.20101300     0.52442200     1.10495100     2.26248500
     4.67638700    13.49340700    17.54294700

     0.00000000     0.00000000     0.00000000     0.00000000     0.00000000
     1.00000000
     0.01855400    -0.01062500     0.00932800    -0.14275900    -0.89653300
     0.00000000
    -0.06983700     0.05665600    -0.09478500     0.10386900     1.36204800
     0.00000000
     0.28270300    -0.34902600     0.76726900     1.48555500     1.14652100
     0.00000000
     0.42248900    -0.28217300     0.26483800    -1.47053700    -3.54261100
     0.00000000
     0.32585400     0.09404200    -0.87927200    -0.66879200     3.41103400
     0.00000000
     0.10766900     0.36437300    -0.39137800     1.30868400    -0.95456700
     0.00000000
     0.00807600     0.42811700     0.41676800     0.31602700    -1.26248900
     0.00000000

     0.07000000     0.14151700     0.40254700     1.03277700     2.49873100
     5.86572800    12.22631900

     0.00000000     0.00000000     0.00000000     0.00000000     1.00000000
     0.08367700    -0.09797700    -0.11248700    -0.24438500     0.00000000
     0.27447300    -0.36484300    -0.53371600    -0.75814700     0.00000000
     0.34229700    -0.31173500     0.04923200     1.24233800     0.00000000
     0.33191000     0.17370900     0.80061900    -0.17295600     0.00000000
     0.23493700     0.49541800    -0.11329000    -0.84131100     0.00000000
     0.08659000     0.33545900    -0.59973300     0.63978400     0.00000000

     0.81569900     2.64673600     7.14671500

     1.00000000     0.00000000     0.00000000
     0.00000000     0.00000000     1.00000000
     0.00000000     1.00000000     0.00000000

     1.98220500     5.84106000

     1.00000000     0.00000000
     0.00000000     1.00000000

     4.63890200

     1.00000000

