
Sc:ano-pvqz-ecp-bfd


  6
    0    1    2    3    4    5
    6    6    5    3    2    1
    9    8    7    3    2    1

     0.01350000     0.02696800     0.06800600     0.30896200     0.62573600
     1.24842000     4.95605200    11.03081600    14.34006000

     0.00000000     0.00000000     0.00000000     0.00000000     0.00000000
     1.00000000
    -0.07803100     0.01517700     0.00359700     0.07940700     1.05009100
     0.00000000
     0.22915900    -0.05188900    -0.09856800    -0.00090800    -1.66463800
     0.00000000
    -0.55601000     0.14905100     0.50658200    -0.68828200     0.45279200
     0.00000000
     0.51341400    -0.13940700    -1.24784600     3.36598300     3.86914100
     0.00000000
     0.55632200    -0.32175500    -0.40492800    -3.45938600    -7.98444500
     0.00000000
     0.18493400    -0.09973100     1.40257600     0.23268400     5.94460500
     0.00000000
     0.01055100     0.76194900     0.68412900     2.05046700    -2.85557900
     0.00000000
     0.00096300     0.37113800    -1.27878100    -1.87119200     1.64722700
     0.00000000

     0.09000000     0.18272900     0.43778400     0.94812900     2.02597800
     2.63915600     6.20861000     8.07331600

     0.00000000     0.00000000     0.00000000     0.00000000     0.00000000
     1.00000000
     0.03577200    -0.04037100    -0.05579300    -0.08107000    -0.23971100
     0.00000000
    -0.11213400     0.11832100     0.19005000     0.37855900    -0.02733000
     0.00000000
    -0.01798500    -0.01737500     0.16431600    -1.34315000     6.55441600
     0.00000000
     0.30503200    -0.33842500    -1.13365600    -0.45580000    -7.04268600
     0.00000000
     0.46336400    -0.38367700    -0.03734100     2.06060700     0.11104800
     0.00000000
     0.33359600     0.29055600     1.02294800    -0.26604900     2.55316800
     0.00000000
     0.06534700     0.20359000     0.37881500    -1.76200400    -3.02206100
     0.00000000

     0.02800000     0.05684200     0.16272400     0.43630100     1.10407600
     2.64810000     5.79144700

     0.00000000     0.00000000     0.00000000     0.00000000     1.00000000
     0.04525700    -0.03340000     0.01869000    -0.09611500     0.00000000
     0.20061000    -0.33241300    -0.55695300    -1.07089200     0.00000000
     0.30567000    -0.46111400    -0.16837000     1.33754700     0.00000000
     0.35671500     0.07036200     0.89519800    -0.18263100     0.00000000
     0.32352800     0.46014100    -0.04813600    -0.75113900     0.00000000
     0.14942700     0.36039200    -0.61540700     0.63183900     0.00000000

     0.35077500     1.15195800     2.75097000

     1.00000000     0.00000000     0.00000000
     0.00000000     0.00000000     1.00000000
     0.00000000     1.00000000     0.00000000

     1.08604000     2.70913000

     1.00000000     0.00000000
     0.00000000     1.00000000

     2.18790000

     1.00000000

