
Sr:cc-pvqz-ecp-bfd


  5
    0    1    2    3    4
    6    6    5    2    1
   10    9    8    2    1

    12.53792600     9.64455900     7.41889100     3.10611600     0.73140700
     0.42176800     0.23619800     0.05738000     0.02324800     0.01853600

     0.05601900    -0.00964500    -0.01605900    -0.12513400     2.03779700
     0.00000000
    -0.31955900     0.07466000    -0.03628200     0.15643500    -6.06706400
     0.00000000
     0.49689700    -0.13387200     0.16287500     0.21370300     4.91141700
     0.00000000
    -0.69352100     0.22148100    -0.40386300    -1.06127400    -0.54572200
     0.00000000
     0.55991500    -0.17848200     0.65731800     4.35965000    -6.91968700
     0.00000000
     0.47648800    -0.36748300     0.72503600    -3.46714200    13.92901900
     0.00000000
     0.23915300    -0.14388800    -0.86406900    -0.89133000    -9.28606100
     0.00000000
     0.01027000     0.81974900    -1.61434400     2.08603200     2.97434400
     0.00000000
     0.00044400     0.37844300     1.74125800    -1.28299800    -1.32996800
     0.00000000
     0.00000000     0.00000000     0.00000000     0.00000000     0.00000000
     1.00000000

     8.03130000     6.16971200     4.73744700     2.55738000     1.95890500
     0.75591900     0.34606200     0.20683700     0.14439300

    -0.02737500    -0.07656300     0.05426200     0.44389000    -3.57365200
     0.00000000
     0.13445100     0.26011600    -0.23323400    -1.45769500    15.71066800
     0.00000000
    -0.14144600    -0.36152600     0.16625900     1.80878900   -22.47916800
     0.00000000
    -0.28823400     1.22316800     1.43343700    -7.12006300    36.59089200
     0.00000000
     0.25148900    -1.15074100    -1.74915500     9.46435300   -29.89227400
     0.00000000
     0.48483700    -0.64849700    -1.30430000    -5.40925900     6.08333700
     0.00000000
     0.47892300     0.00539800     2.78781300     3.64744500    -2.79791800
     0.00000000
     0.00000000     0.00000000     0.00000000     0.00000000     0.00000000
     1.00000000
     0.11611300     1.02707300    -1.63728100    -1.20065200     0.74928700
     0.00000000

     2.59748600     2.25906800     0.85191400     0.43460200     0.37441100
     0.15106800     0.05884800     0.02221000

    -0.12324900    -0.39396800     1.63052300     2.64982300     0.00000000
     0.13147800     0.42114100    -2.01722700    -3.49356400     0.00000000
     0.18393600     0.66709300    -0.67601600     0.65827400     0.00000000
     0.00000000     0.00000000     0.00000000     0.00000000     1.00000000
     0.25913100     0.28396800     1.14722400     0.57976000     0.00000000
     0.32463900    -0.24814600     0.05130000    -1.09599800     0.00000000
     0.37768700    -0.33220700    -0.34539900     0.13403400     0.00000000
     0.19854600    -0.17366000    -0.20731600     0.65430000     0.00000000

     1.29126900     0.50361300

     0.00000000     1.00000000
     1.00000000     0.00000000

     1.10699700

     1.00000000

