
Ti:ano-pvqz-ecp-bfd


  6
    0    1    2    3    4    5
    6    6    5    3    2    1
    9    8    7    3    2    1

     0.01500000     0.02942500     0.07643600     0.29580800     0.62447400
     1.33628800     5.68789000    11.69960800    15.21993300

     0.00000000     0.00000000     0.00000000     0.00000000     0.00000000
     1.00000000
    -0.07326500     0.01345000    -0.03175200     0.21832000     1.38874300
     0.00000000
     0.23554100    -0.05226400    -0.04762300    -0.24757400    -2.34660600
     0.00000000
    -0.55053600     0.14621300     0.46705700    -0.44635000     1.06620200
     0.00000000
     0.59415500    -0.17566900    -1.44196000     3.08241400     2.49435700
     0.00000000
     0.54087000    -0.32864100     0.06402900    -3.76279300    -6.21834800
     0.00000000
     0.11204500    -0.04092600     1.24794100     0.83408000     5.57371100
     0.00000000
     0.00747600     0.73259600     0.43924200     1.74508700    -3.23402500
     0.00000000
     0.00255000     0.40204000    -1.07183400    -1.60935800     1.72184500
     0.00000000

     0.10000000     0.20324000     0.48988000     1.07175300     2.30368900
     6.14149000     7.98393700    10.37911800

     0.00000000     0.00000000     0.00000000     0.00000000     0.00000000
     1.00000000
     0.02013900    -0.02672700    -0.02719600    -0.45448100     1.62028900
     0.00000000
    -0.04171300     0.06291000     0.04696300     1.48315000    -5.83217200
     0.00000000
    -0.05534800     0.03027700     0.13291700    -1.15111600     5.76847900
     0.00000000
     0.30288000    -0.36039800    -0.96748900    -1.51335600    -1.25146300
     0.00000000
     0.46905600    -0.35174700    -0.04957000     2.25035400    -1.43192300
     0.00000000
     0.32153700     0.28549500     1.03237100    -0.35375000     3.24877900
     0.00000000
     0.05982300     0.20920000     0.33963900    -1.72493200    -3.34966100
     0.00000000

     0.03500000     0.07047000     0.19625800     0.50842900     1.25312300
     2.98193900     6.49008600

     0.00000000     0.00000000     0.00000000     0.00000000     1.00000000
     0.05909600    -0.05040200    -0.01322000    -0.18159200     0.00000000
     0.22661200    -0.33553000    -0.58416200    -0.98188000     0.00000000
     0.32316800    -0.40075600    -0.11354600     1.42679900     0.00000000
     0.35496100     0.08391900     0.89800000    -0.32272400     0.00000000
     0.28547500     0.47806900    -0.07993200    -0.70048400     0.00000000
     0.11471100     0.37674200    -0.60252300     0.62916300     0.00000000

     0.41293600     1.31897400     3.21898800

     1.00000000     0.00000000     0.00000000
     0.00000000     1.00000000     0.00000000
     0.00000000     0.00000000     1.00000000

     1.19888900     3.11875300

     1.00000000     0.00000000
     0.00000000     1.00000000

     2.55808500

     1.00000000

