
V:ano-pvqz-ecp-bfd


  6
    0    1    2    3    4    5
    6    6    5    3    2    1
    9    8    7    3    2    1

     0.01600000     0.03195200     0.08468500     0.34974100     0.72883000
     1.52878700     6.39004600    11.57746100    18.36029800

     0.00000000     0.00000000     0.00000000     0.00000000     0.00000000
     1.00000000
    -0.02321200     0.00287300    -0.03181900     0.12235000     0.68225500
     0.00000000
     0.20028800    -0.04391100    -0.04602900    -0.17215900    -1.80517100
     0.00000000
    -0.55432000     0.14414800     0.46269300    -0.40441500     1.26542200
     0.00000000
     0.56528300    -0.16582300    -1.44243300     3.03392900     2.58004700
     0.00000000
     0.54347400    -0.31375600    -0.00027700    -3.60559200    -6.32473100
     0.00000000
     0.13498900    -0.05569900     1.28751600     0.68049400     5.37792000
     0.00000000
     0.00803900     0.71731200     0.43152700     1.78974200    -2.86211300
     0.00000000
     0.00229300     0.41676300    -1.04271500    -1.63710000     1.45505200
     0.00000000

     0.10000000     0.20630900     0.49268000     1.04949200     2.18241100
     4.77289700     6.17400000    13.88326400

     0.00000000     0.00000000     0.00000000     0.00000000     0.00000000
     1.00000000
     0.00364800    -0.00425800     0.00715900    -0.02942800     0.02372900
     0.00000000
    -0.17504600     0.18613200    -0.38285800     1.27925400     1.94842400
     0.00000000
     0.15547300    -0.19214500     0.41800400    -1.98826200    -4.24093800
     0.00000000
     0.34659400    -0.38447700     0.93486600    -0.56929000     2.99839200
     0.00000000
     0.44341000    -0.23216700    -0.28778200     2.09059300    -0.32705700
     0.00000000
     0.26380300     0.30353700    -0.92782300    -0.73430100    -2.20043800
     0.00000000
     0.04282600     0.26462000    -0.14924800    -1.40538800     2.90252600
     0.00000000

     0.04000000     0.08146600     0.22372200     0.57147200     1.39872100
     3.35035500     7.38419600

     0.00000000     0.00000000     0.00000000     0.00000000     1.00000000
     0.06759300    -0.06394200    -0.04470900    -0.23299100     0.00000000
     0.24680200    -0.34802300    -0.59734300    -0.89353300     0.00000000
     0.33640400    -0.36660900    -0.03396000     1.45301900     0.00000000
     0.34934800     0.11693900     0.88231700    -0.42966400     0.00000000
     0.26010700     0.48892000    -0.12993900    -0.65389400     0.00000000
     0.09633400     0.36476200    -0.58776900     0.63707800     0.00000000

     0.60961500     2.26604500     4.03496800

     1.00000000     0.00000000     0.00000000
     0.00000000     1.00000000     0.00000000
     0.00000000     0.00000000     1.00000000

     1.86230000     4.49313500

     1.00000000     0.00000000
     0.00000000     1.00000000

     2.94339700

     1.00000000

