! aug-cc-pvdz-ecp-bfd
! s functions
H  11   3
        0.0310500000        0.0000000000        0.0000000000        1.0000000000
        0.0405690000        0.0320310000        0.0000000000        0.0000000000
        0.0810440000        0.2433170000        0.0000000000        0.0000000000
        0.0825130000        0.0000000000        1.0000000000        0.0000000000
        0.1618980000        0.4346360000        0.0000000000        0.0000000000
        0.3234180000        0.3295810000        0.0000000000        0.0000000000
        0.6460800000        0.1118750000        0.0000000000        0.0000000000
        1.2906480000       -0.0786990000        0.0000000000        0.0000000000
        2.5782760000       -0.0987810000        0.0000000000        0.0000000000
        5.1505200000        0.0161640000        0.0000000000        0.0000000000
       10.2889900000       -0.0000160000        0.0000000000        0.0000000000
! p functions
H  11   3
        0.0237800000        0.0000000000        0.0000000000        1.0000000000
        0.0292070000        0.0199090000        0.0000000000        0.0000000000
        0.0584080000        0.1417750000        0.0000000000        0.0000000000
        0.0868030000        0.0000000000        1.0000000000        0.0000000000
        0.1168030000        0.2944630000        0.0000000000        0.0000000000
        0.2335820000        0.3090280000        0.0000000000        0.0000000000
        0.4671150000        0.2363780000        0.0000000000        0.0000000000
        0.9341320000        0.1313170000        0.0000000000        0.0000000000
        1.8680680000        0.0664540000        0.0000000000        0.0000000000
        3.7357430000        0.0212480000        0.0000000000        0.0000000000
        7.4707010000        0.0028370000        0.0000000000        0.0000000000
! d functions
H   2   2
        0.0904000000        0.0000000000        1.0000000000
        0.3498790000        1.0000000000        0.0000000000
