! aug-cc-pvdz-ecp-bfd
! s functions
H  11   3
        0.0130000000        0.0007060000        0.0000000000        0.0000000000
        0.0297400000        0.0000000000        0.0000000000        1.0000000000
        0.0299000000       -0.0021190000        0.0000000000        0.0000000000
        0.0687700000        0.0576930000        0.0000000000        0.0000000000
        0.1581700000        0.2306950000        0.0000000000        0.0000000000
        0.1704830000        0.0000000000        1.0000000000        0.0000000000
        0.3637920000        0.2776120000        0.0000000000        0.0000000000
        0.8367210000        0.1698330000        0.0000000000        0.0000000000
        1.9244580000        0.0974430000        0.0000000000        0.0000000000
        4.4262540000        0.0299660000        0.0000000000        0.0000000000
       10.1803850000       -0.0004520000        0.0000000000        0.0000000000
! p functions
H  10   2
        0.0030000000        0.0012420000        0.0000000000
        0.0078000000       -0.0009130000        0.0000000000
        0.0202810000       -0.0000540000        0.0000000000
        0.0527300000       -0.0002380000        0.0000000000
        0.1370970000       -0.0115300000        0.0000000000
        0.1410000000        0.0000000000        1.0000000000
        0.3564510000       -0.0182350000        0.0000000000
        0.9267740000       -0.0139290000        0.0000000000
        2.4096120000       -0.0093950000        0.0000000000
        6.2649910000       -0.0003470000        0.0000000000
