! aug-cc-pvdz-ecp-bfd
! s functions
H  11   3
        0.0651450000        0.0000000000        0.0000000000        1.0000000000
        0.1299110000        0.1834530000        0.0000000000        0.0000000000
        0.2822200000        0.5960160000        0.0000000000        0.0000000000
        0.6130980000        0.5064100000        0.0000000000        0.0000000000
        0.6346190000        0.0000000000        1.0000000000        0.0000000000
        1.3319010000       -0.1509260000        0.0000000000        0.0000000000
        2.8934370000       -0.4236110000        0.0000000000        0.0000000000
        6.2857350000        0.1626440000        0.0000000000        0.0000000000
       13.6552030000       -0.0232840000        0.0000000000        0.0000000000
       29.6647190000        0.0031570000        0.0000000000        0.0000000000
       64.4439730000       -0.0004220000        0.0000000000        0.0000000000
! p functions
H  11   3
        0.0466060000        0.0000000000        0.0000000000        1.0000000000
        0.0793140000        0.0967050000        0.0000000000        0.0000000000
        0.1499020000        0.0000000000        1.0000000000        0.0000000000
        0.1672160000        0.3125670000        0.0000000000        0.0000000000
        0.3525390000        0.4482370000        0.0000000000        0.0000000000
        0.7432520000        0.2986400000        0.0000000000        0.0000000000
        1.5669880000       -0.0036410000        0.0000000000        0.0000000000
        3.3036590000       -0.1387980000        0.0000000000        0.0000000000
        6.9650550000        0.0299890000        0.0000000000        0.0000000000
       14.6843250000       -0.0025780000        0.0000000000        0.0000000000
       30.9587480000        0.0002050000        0.0000000000        0.0000000000
! d functions
H   2   2
        0.2155000000        0.0000000000        1.0000000000
        0.4879320000        1.0000000000        0.0000000000
