! aug-cc-pvdz-ecp-bfd
! s functions
H  11   3
        0.0789600000        0.0000000000        0.0000000000        1.0000000000
        0.1253460000        0.0557410000        0.0000000000        0.0000000000
        0.2585510000        0.0000000000        1.0000000000        0.0000000000
        0.2680220000        0.3048480000        0.0000000000        0.0000000000
        0.5730980000        0.4537520000        0.0000000000        0.0000000000
        1.2254290000        0.2959260000        0.0000000000        0.0000000000
        2.6202770000        0.0195670000        0.0000000000        0.0000000000
        5.6028180000       -0.1286270000        0.0000000000        0.0000000000
       11.9802450000        0.0120240000        0.0000000000        0.0000000000
       25.6168010000        0.0004070000        0.0000000000        0.0000000000
       54.7752160000       -0.0000760000        0.0000000000        0.0000000000
! p functions
H  11   3
        0.0685600000        0.0000000000        0.0000000000        1.0000000000
        0.0835980000        0.0449580000        0.0000000000        0.0000000000
        0.1670170000        0.1501750000        0.0000000000        0.0000000000
        0.2678650000        0.0000000000        1.0000000000        0.0000000000
        0.3336730000        0.2559990000        0.0000000000        0.0000000000
        0.6666270000        0.2818790000        0.0000000000        0.0000000000
        1.3318160000        0.2428350000        0.0000000000        0.0000000000
        2.6607610000        0.1611340000        0.0000000000        0.0000000000
        5.3157850000        0.0823080000        0.0000000000        0.0000000000
       10.6201080000        0.0398990000        0.0000000000        0.0000000000
       21.2173180000        0.0046790000        0.0000000000        0.0000000000
! d functions
H   2   2
        0.3320000000        0.0000000000        1.0000000000
        1.2327530000        1.0000000000        0.0000000000
